Date,Director,Officer,Significant owner
2016 - Jan,44.94991652754591,33.77851975514747,21.27156371730662
2016 - Jan,44.8768864177919,34.074662430500396,21.048451151707702
2016 - Jan,40.78947368421053,37.631578947368425,21.578947368421055
2016 - Jan,42.094303138479845,33.3035847092072,24.602112152312955
2016 - Jan,39.349701393497014,31.220968812209687,29.429329794293295
2016 - Jan,39.17940466613033,30.20917135961384,30.611423974255832
2016 - Jan,37.20580871306961,32.799198798197295,29.994992488733104
2016 - Jan,39.17208347588094,30.995552514539852,29.832364009579198
2016 - Jan,30.303030303030305,33.33333333333333,36.36363636363637
2016 - Jan,44.505494505494504,29.67032967032967,25.82417582417583
2016 - Jan,38.801966919982114,31.42601698703621,29.772016092981673
2016 - Jan,37.05035971223021,32.631038026721484,30.318602261048305
2016 - Jan,39.21988855550793,30.904414916416627,29.87569652807544
2016 - Jan,37.485757690846945,32.510444360045575,30.00379794910748
2016 - Jan,37.25145169804681,38.69435157487243,24.054196727080768
2016 - Jan,32.83582089552239,42.78606965174129,24.378109452736318
2016 - Jan,41.6289592760181,47.05882352941176,11.312217194570136
2016 - Jan,35.31353135313531,42.02420242024203,22.662266226622663
2016 - Jan,32.99822590183324,50.236546422235364,16.765227675931403
2016 - Jan,27.551775147928993,44.93343195266272,27.514792899408285
2016 - Jan,33.53174603174603,49.32539682539683,17.142857142857142
2016 - Jan,33.43383584589615,53.13232830820771,13.433835845896148
2016 - Jan,35.294117647058826,60.962566844919785,3.7433155080213902
2016 - Jan,27.564102564102566,64.74358974358975,7.6923076923076925
2016 - Jan,31.886792452830186,56.64150943396227,11.471698113207546
2016 - Jan,31.44395998974096,57.83534239548602,10.720697614773018
2016 - Jan,31.268264172998244,57.68556399766218,11.046171829339567
2016 - Jan,31.342907533383723,58.377425044091716,10.279667422524566
2016 - Jan,31.28205128205128,54.49131513647642,14.226633581472292
2016 - Jan,29.274611398963728,53.49740932642487,17.2279792746114
2016 - Jan,30.793157076205286,48.67807153965785,20.52877138413686
2016 - Feb,29.31806213796735,53.804634017904164,16.877303844128487
2016 - Feb,29.16429789653212,54.97441728254691,15.861284820920979
2016 - Feb,29.9880810488677,52.657926102502984,17.35399284862932
2016 - Feb,27.1513353115727,55.811078140454995,17.037586547972307
2016 - Feb,30.016428068528516,53.71978408824219,16.263787843229288
2016 - Feb,30.745341614906835,54.347826086956516,14.906832298136646
2016 - Feb,32.04633204633205,55.79150579150579,12.162162162162163
2016 - Feb,29.024767801857585,58.87512899896801,12.100103199174407
2016 - Feb,28.285465622280242,60.19727299100667,11.517261386713082
2016 - Feb,30.37177063642092,57.088846880907376,12.539382482671707
2016 - Feb,31.793478260869566,45.90126811594203,22.305253623188406
2016 - Feb,32.46275875411105,46.46933642870962,21.06790481717934
2016 - Feb,31.987577639751553,51.5527950310559,16.459627329192546
2016 - Feb,37.159533073929964,45.525291828793776,17.315175097276263
2016 - Feb,32.20937700706487,50.86705202312138,16.923570969813746
2016 - Feb,32.99908842297174,49.05803707079915,17.94287450622911
2016 - Feb,31.417136619974535,50.26378024376933,18.31908313625614
2016 - Feb,32.73594212430122,51.792173627096346,15.471884248602432
2016 - Feb,31.419095828242277,51.87641822307558,16.704485948682144
2016 - Feb,31.34765625,55.37109375,13.28125
2016 - Feb,30.472103004291846,55.5793991416309,13.948497854077251
2016 - Feb,32.86039586617621,46.90839026099142,20.23121387283237
2016 - Feb,34.50867052023121,43.91136801541426,21.57996146435453
2016 - Feb,35.459004905395936,42.168885774351786,22.372109320252278
2016 - Feb,37.12059064807219,40.77112387202625,22.10828547990156
2016 - Feb,33.092369477911646,40.68273092369478,26.224899598393574
2016 - Feb,29.797191887675506,43.21372854914197,26.98907956318253
2016 - Feb,32.294264339152114,41.02244389027431,26.683291770573565
2016 - Feb,31.169991068770468,38.40428699017565,30.425721941053887
2016 - Mar,33.37588290358268,37.920177006212235,28.703940090205087
2016 - Mar,38.45657781599312,32.351676698194325,29.191745485812554
2016 - Mar,42.548719908291936,30.58846006878105,26.862820022927014
2016 - Mar,47.58480825958702,27.193952802359885,25.221238938053098
2016 - Mar,46.86192468619247,27.719665271966527,25.418410041841007
2016 - Mar,48.275862068965516,27.914614121510674,23.809523809523807
2016 - Mar,54.76336816226183,28.047531243597625,17.189100594140545
2016 - Mar,50.19241341396372,36.915887850467286,12.891698735568994
2016 - Mar,48.75796178343949,37.675159235668794,13.566878980891719
2016 - Mar,37.38691352829792,37.97601514832738,24.63707132337471
2016 - Mar,32.83354510800508,34.45997458703939,32.70648030495553
2016 - Mar,28.434504792332266,32.26837060702875,39.29712460063898
2016 - Mar,31.85483870967742,35.08064516129033,33.064516129032256
2016 - Mar,31.923779691986425,31.81936831114591,36.25685199686765
2016 - Mar,34.129692832764505,31.5079118833385,34.36239528389699
2016 - Mar,31.274480265140102,33.986140403736066,34.73937933112383
2016 - Mar,27.15143428952635,31.487658438959304,41.36090727151434
2016 - Mar,32.322210987529495,32.861476238624874,34.81631277384564
2016 - Mar,27.027027027027028,39.45945945945946,33.513513513513516
2016 - Mar,32.44444444444444,28.444444444444443,39.111111111111114
2016 - Mar,38.86075949367089,35.654008438818565,25.485232067510548
2016 - Mar,40.790580319596295,41.42136248948696,17.788057190916735
2016 - Mar,38.91050583657588,39.61089494163424,21.47859922178988
2016 - Mar,34.74354174466492,39.61063272182703,25.64582553350805
2016 - Mar,44.42307692307692,35.57692307692308,20.0
2016 - Mar,37.142857142857146,33.87755102040816,28.97959183673469
2016 - Mar,40.476190476190474,35.714285714285715,23.809523809523807
2016 - Mar,38.126512270998965,27.27272727272727,34.60076045627377
2016 - Mar,39.14297486608982,28.224145035022662,32.63288009888752
2016 - Mar,39.512584898122256,31.242508989212947,29.244906112664804
2016 - Mar,45.61845286059629,34.669621273166804,19.711925866236907
2016 - Apr,45.381993515670466,33.97622412503117,20.641782359298364
2016 - Apr,37.5,41.28787878787879,21.21212121212121
2016 - Apr,40.43321299638989,26.714801444043324,32.851985559566785
2016 - Apr,44.35857805255023,35.66460587326121,19.976816074188562
2016 - Apr,44.16058394160584,32.690302398331596,23.149113660062564
2016 - Apr,39.71871968962173,32.54122211445199,27.740058195926288
2016 - Apr,40.924313462826525,33.82451440053583,25.25117213663764
2016 - Apr,37.74294670846395,42.88401253918495,19.3730407523511
2016 - Apr,34.710743801652896,42.97520661157025,22.31404958677686
2016 - Apr,37.696335078534034,37.17277486910995,25.13089005235602
2016 - Apr,42.69782262347318,35.79394583112055,21.508231545406268
2016 - Apr,36.07411696583671,40.18529241459178,23.74059061957151
2016 - Apr,42.05128205128205,35.0,22.94871794871795
2016 - Apr,37.49170537491705,32.58128732581287,29.927007299270077
2016 - Apr,41.38171667829728,31.565480344266106,27.052802977436613
2016 - Apr,45.3125,31.25,23.4375
2016 - Apr,36.55913978494624,41.935483870967744,21.50537634408602
2016 - Apr,43.95365677045619,28.747284576393916,27.299058653149892
2016 - Apr,46.48478488982162,29.485834207764956,24.02938090241343
2016 - Apr,48.41609589041096,26.79794520547945,24.785958904109588
2016 - Apr,50.74357818837314,26.813880126182966,22.442541685443892
2016 - Apr,48.562848562848565,25.954525954525952,25.482625482625483
2016 - Apr,48.38709677419355,16.129032258064516,35.483870967741936
2016 - Apr,41.0,28.000000000000004,31.0
2016 - Apr,47.636496885305974,24.917552216929277,27.44595089776475
2016 - Apr,42.592592592592595,19.93094789704959,37.47645951035782
2016 - Apr,41.389934953782955,28.24375213967819,30.366312906538855
2016 - Apr,42.34289200732154,30.567419158023185,27.089688834655277
2016 - Apr,44.21875,28.638392857142858,27.142857142857142
2016 - Apr,45.053763440860216,24.946236559139784,30.0
2016 - May,45.22292993630573,26.804670912951167,27.9723991507431
2016 - May,44.07874962428615,25.33814247069432,30.583107905019535
2016 - May,43.69394618834081,25.05605381165919,31.25
2016 - May,44.95412844036697,27.101413339945452,27.94445821968758
2016 - May,43.83738438373844,27.274682727468274,28.887932888793287
2016 - May,42.97501178689298,30.221593587930222,26.8033946251768
2016 - May,41.15384615384615,31.92307692307692,26.923076923076923
2016 - May,41.45569620253164,32.278481012658226,26.265822784810126
2016 - May,42.95584259537399,34.54490838089516,22.49924902373085
2016 - May,42.938689217758984,37.01902748414376,20.042283298097253
2016 - May,43.83480825958702,31.30776794493609,24.857423795476894
2016 - May,50.29275186755502,29.779931354734508,19.92731677771048
2016 - May,53.64880273660205,26.51083238312429,19.84036488027366
2016 - May,50.43103448275862,25.0,24.568965517241377
2016 - May,48.01619433198381,27.530364372469634,24.453441295546558
2016 - May,54.43092035020286,29.019859064702114,16.549220585095025
2016 - May,50.72294776119403,29.94402985074627,19.3330223880597
2016 - May,43.960591133004925,30.20689655172414,25.832512315270932
2016 - May,44.4326429456541,29.15560276155072,26.411754292795187
2016 - May,45.624832753545626,27.4016590848274,26.973508161626974
2016 - May,41.75365344467641,29.227557411273487,29.018789144050107
2016 - May,41.533546325878596,28.753993610223645,29.712460063897762
2016 - May,47.96208530805687,29.73143759873618,22.30647709320695
2016 - May,50.46948356807511,32.652582159624416,16.877934272300468
2016 - May,49.17412935323383,34.32835820895522,16.497512437810947
2016 - May,47.10408206881812,38.40564223124599,14.490275699935884
2016 - May,45.418774592467685,38.0831928049466,16.49803260258572
2016 - May,42.44306418219462,40.165631469979296,17.391304347826086
2016 - May,45.5,37.0,17.5
2016 - May,48.34710743801653,38.01652892561984,13.636363636363635
2016 - May,47.03480876665234,30.876665234207135,22.088525999140522
2016 - Jun,45.157838416265385,31.910112359550563,22.932049224184055
2016 - Jun,44.557291666666664,30.104166666666664,25.338541666666664
2016 - Jun,42.00157604412924,28.867874967165747,29.13054898870502
2016 - Jun,43.269230769230774,25.64102564102564,31.08974358974359
2016 - Jun,41.01123595505618,30.89887640449438,28.08988764044944
2016 - Jun,44.88330341113106,29.56313584679832,25.55356074207062
2016 - Jun,44.30828764914544,28.055465978716544,27.636246372138018
2016 - Jun,45.56100217864923,28.186274509803923,26.252723311546838
2016 - Jun,47.0314318975553,29.190919674039577,23.777648428405122
2016 - Jun,41.123370110330995,31.64493480441324,27.23169508525577
2016 - Jun,44.623655913978496,26.344086021505376,29.03225806451613
2016 - Jun,49.375,27.500000000000004,23.125
2016 - Jun,41.135335252982316,31.756478815302348,27.108185931715344
2016 - Jun,40.10659560293138,31.345769487008663,28.547634910059962
2016 - Jun,37.87137364557847,29.29045788185949,32.83816847256204
2016 - Jun,32.03152991759226,25.79720530275887,42.17126477964887
2016 - Jun,33.701221915648404,26.84272763106031,39.45605045329129
2016 - Jun,33.85826771653544,22.440944881889763,43.7007874015748
2016 - Jun,33.75,25.0,41.25
2016 - Jun,37.37280296022202,29.417206290471785,33.20999074930619
2016 - Jun,36.98878031125588,30.184581976112923,32.8266377126312
2016 - Jun,42.92089249492901,24.503042596348884,32.57606490872211
2016 - Jun,43.33888426311407,23.896752706078267,32.76436303080766
2016 - Jun,53.55169692186267,19.494869771112867,26.953433307024465
2016 - Jun,57.291666666666664,20.833333333333336,21.875
2016 - Jun,60.0,20.0,20.0
2016 - Jun,55.096011816838995,24.224519940915805,20.6794682422452
2016 - Jun,50.39914848323577,25.11974454497073,24.481106971793505
2016 - Jun,50.768415474297825,25.70217276099629,23.52941176470588
2016 - Jun,48.63095786853508,26.726283765096344,24.642758366368582
2016 - Jul,39.65280581348406,30.35123132821962,29.995962858296327
2016 - Jul,38.23529411764706,29.77941176470588,31.985294117647058
2016 - Jul,34.44444444444444,45.55555555555556,20.0
2016 - Jul,37.77777777777778,44.44444444444444,17.77777777777778
2016 - Jul,35.153296934061316,29.987400251994963,34.85930281394372
2016 - Jul,29.461196243203165,32.278793870489366,38.260009886307465
2016 - Jul,35.47145606157793,31.302116741500964,33.22642719692111
2016 - Jul,32.18514531754575,31.054897739504845,36.75995694294941
2016 - Jul,34.285714285714285,32.142857142857146,33.57142857142857
2016 - Jul,34.523809523809526,35.714285714285715,29.761904761904763
2016 - Jul,31.9125070106562,32.64161525518789,35.445877734155914
2016 - Jul,34.68982630272953,30.868486352357323,34.44168734491315
2016 - Jul,33.55995055624227,36.58838071693449,29.851668726823238
2016 - Jul,42.9042904290429,36.96369636963696,20.13201320132013
2016 - Jul,39.50892857142857,38.96329365079365,21.52777777777778
2016 - Jul,46.73913043478261,26.08695652173913,27.173913043478258
2016 - Jul,39.416058394160586,36.496350364963504,24.087591240875913
2016 - Jul,32.33458177278402,38.70162297128589,28.963795255930087
2016 - Jul,29.889727219965177,31.108531630876378,39.00174114915844
2016 - Jul,34.24124513618677,36.47859922178988,29.28015564202335
2016 - Jul,34.99762244412744,36.18640038040894,28.815977175463626
2016 - Jul,36.48264086511098,35.116676152532726,28.40068298235629
2016 - Jul,28.703703703703702,39.81481481481482,31.48148148148148
2016 - Jul,23.809523809523807,39.285714285714285,36.904761904761905
2016 - Jul,35.0558081852005,39.27242662257131,25.67176519222819
2016 - Jul,35.457303857824016,42.82618118768964,21.716514954486346
2016 - Jul,34.44321124676286,39.289678135405104,26.26711061783204
2016 - Jul,34.96932515337423,32.70705521472393,32.32361963190184
2016 - Jul,37.87844297746415,33.55338037787389,28.568176644661964
2016 - Jul,44.44444444444444,39.21568627450981,16.33986928104575
2016 - Jul,40.577507598784194,33.130699088145896,26.29179331306991
2016 - Aug,39.21568627450981,37.994214079074254,22.790099646415943
2016 - Aug,41.28949615713066,38.51409052092229,20.196413321947055
2016 - Aug,40.168878166465625,39.967832730197024,19.863289103337355
2016 - Aug,34.509803921568626,42.032085561497325,23.458110516934045
2016 - Aug,33.47076461769116,40.36731634182908,26.16191904047976
2016 - Aug,30.625000000000004,40.0,29.375
2016 - Aug,24.444444444444443,40.0,35.55555555555556
2016 - Aug,35.97671880683885,39.32339032375409,24.699890869407056
2016 - Aug,36.94041867954911,41.86795491143317,21.191626409017715
2016 - Aug,32.81630170316301,40.298053527980535,26.885644768856448
2016 - Aug,29.907866761162293,34.37278525868179,35.719347980155916
2016 - Aug,31.52073732718894,32.25806451612903,36.22119815668203
2016 - Aug,39.455782312925166,28.57142857142857,31.97278911564626
2016 - Aug,38.70967741935484,33.064516129032256,28.225806451612907
2016 - Aug,33.090694471768636,31.418453669093054,35.4908518591383
2016 - Aug,37.41209563994374,29.746835443037973,32.84106891701828
2016 - Aug,34.840085287846485,33.688699360341154,31.471215351812365
2016 - Aug,32.05870992661259,34.33758207802241,33.603707995365006
2016 - Aug,30.781563126252504,34.388777555110224,34.829659318637276
2016 - Aug,38.07829181494662,34.519572953736656,27.402135231316727
2016 - Aug,30.53435114503817,34.35114503816794,35.11450381679389
2016 - Aug,28.938193343898572,34.67511885895404,36.38668779714738
2016 - Aug,29.69924812030075,36.09022556390977,34.21052631578947
2016 - Aug,34.053815615350686,35.37715041905602,30.569033965593295
2016 - Aug,35.392117025599354,32.62901259650548,31.978870377895163
2016 - Aug,33.31894691411308,32.49892101855848,34.18213206732844
2016 - Aug,37.01657458563536,27.071823204419886,35.91160220994475
2016 - Aug,35.59322033898305,31.63841807909605,32.7683615819209
2016 - Aug,30.493827160493826,29.75308641975309,39.75308641975309
2016 - Aug,32.43068987749839,31.65699548678272,35.912314635718886
2016 - Aug,30.713733573821177,31.43519711414584,37.85106931203298
2016 - Sep,35.54855817036792,36.60921445144183,27.842227378190255
2016 - Sep,38.516179952644045,37.2138910812944,24.269928966061563
2016 - Sep,33.95522388059701,38.80597014925373,27.238805970149254
2016 - Sep,41.37931034482759,28.735632183908045,29.88505747126437
2016 - Sep,47.44897959183674,36.734693877551024,15.816326530612246
2016 - Sep,38.2050372472508,34.30294430649166,27.49201844625754
2016 - Sep,36.64666166541635,36.68417104276069,26.669167291822955
2016 - Sep,35.15344758868075,40.09565563969709,24.75089677162216
2016 - Sep,36.576121288692356,40.208464939987365,23.21541377132028
2016 - Sep,35.36231884057971,43.768115942028984,20.869565217391305
2016 - Sep,37.219730941704036,45.2914798206278,17.48878923766816
2016 - Sep,36.80608365019011,41.14068441064639,22.0532319391635
2016 - Sep,35.69306930693069,42.227722772277225,22.07920792079208
2016 - Sep,36.688851913477535,41.80532445923461,21.505823627287853
2016 - Sep,32.15686274509804,37.930283224400874,29.91285403050109
2016 - Sep,32.8027950310559,37.38354037267081,29.81366459627329
2016 - Sep,33.1858407079646,43.36283185840708,23.451327433628318
2016 - Sep,33.33333333333333,36.36363636363637,30.303030303030305
2016 - Sep,32.0,32.46153846153847,35.53846153846154
2016 - Sep,29.945305378304464,33.68277119416591,36.37192342752963
2016 - Sep,33.31777881474569,37.7041530564629,28.978068128791413
2016 - Sep,35.607772254857665,38.725711703569814,25.666516041572525
2016 - Sep,33.46727898966705,35.59127439724455,30.941446613088402
2016 - Sep,37.0,34.0,28.999999999999996
2016 - Sep,25.0,27.77777777777778,47.22222222222222
2016 - Sep,30.84527928818586,35.14582303509639,34.008897676717744
2016 - Sep,34.52220726783311,35.26244952893675,30.215343203230148
2016 - Sep,31.54327424400417,33.42022940563086,35.03649635036496
2016 - Sep,31.414868105515588,35.25179856115108,33.33333333333333
2016 - Sep,33.144066981041284,32.16244827254355,34.693484746415166
2016 - Oct,32.6781908595785,34.66729812929197,32.65451101112953
2016 - Oct,35.22727272727273,36.36363636363637,28.40909090909091
2016 - Oct,34.506941462716476,35.33705452984113,30.156004007442395
2016 - Oct,31.678750697155607,35.58282208588957,32.738427216954825
2016 - Oct,32.758620689655174,34.48275862068966,32.758620689655174
2016 - Oct,33.493686109440766,37.0414912808178,29.464822609741432
2016 - Oct,35.10044642857143,39.955357142857146,24.944196428571427
2016 - Oct,27.27272727272727,51.515151515151516,21.21212121212121
2016 - Oct,34.801762114537446,48.89867841409692,16.299559471365637
2016 - Oct,36.41765704584041,39.13412563667232,24.448217317487266
2016 - Oct,41.10353378797272,41.53750774953503,17.35895846249225
2016 - Oct,44.34918160561185,39.51675759937646,16.134060795011692
2016 - Oct,40.699999999999996,43.5,15.8
2016 - Oct,38.40759075907591,41.74917491749175,19.843234323432345
2016 - Oct,38.75802997858672,43.46895074946467,17.77301927194861
2016 - Oct,34.42622950819672,40.16393442622951,25.40983606557377
2016 - Oct,35.98615916955018,43.89520514087988,20.118635689569945
2016 - Oct,35.645933014354064,38.27751196172249,26.076555023923444
2016 - Oct,36.74418604651163,35.55555555555556,27.700258397932814
2016 - Oct,34.14322250639386,32.54475703324808,33.312020460358056
2016 - Oct,36.002408187838654,31.84828416616496,32.14930764599639
2016 - Oct,29.338842975206614,28.92561983471074,41.735537190082646
2016 - Oct,35.77981651376147,27.522935779816514,36.69724770642202
2016 - Oct,33.42303552206674,34.17653390742734,32.400430570505925
2016 - Oct,36.73364245234415,34.46676970633694,28.799587841318907
2016 - Oct,34.479371316306484,34.921414538310415,30.5992141453831
2016 - Oct,33.55879292403746,31.633714880332985,34.80749219562955
2016 - Oct,34.0008173273396,29.628116060482224,36.371066612178176
2016 - Oct,35.78947368421053,32.631578947368425,31.57894736842105
2016 - Oct,36.666666666666664,23.88888888888889,39.44444444444444
2016 - Oct,32.428940568475454,27.002583979328165,40.56847545219638
2016 - Nov,38.669696343730635,31.439785168353644,29.890518487915717
2016 - Nov,44.34369602763385,30.82901554404145,24.8272884283247
2016 - Nov,53.63840960240061,27.494373593398347,18.86721680420105
2016 - Nov,51.01889588736569,27.602815857725084,21.378288254909226
2016 - Nov,55.04201680672269,21.84873949579832,23.10924369747899
2016 - Nov,54.21052631578947,26.842105263157894,18.947368421052634
2016 - Nov,45.13513513513514,23.843843843843842,31.02102102102102
2016 - Nov,38.74239350912779,26.815415821501016,34.4421906693712
2016 - Nov,34.90658800393314,29.891838741396263,35.2015732546706
2016 - Nov,34.8063284233497,31.123840698308786,34.06983087834152
2016 - Nov,33.662667607621735,37.26182074805928,29.075511644318986
2016 - Nov,29.297820823244553,40.92009685230024,29.782082324455207
2016 - Nov,38.392857142857146,34.82142857142857,26.785714285714285
2016 - Nov,33.7609723160027,35.24645509790682,30.99257258609048
2016 - Nov,36.330996751581466,34.75807830398359,28.910924944434946
2016 - Nov,35.120866907474294,37.37149208113365,27.507641011392053
2016 - Nov,32.83629441624365,43.559644670050766,23.604060913705585
2016 - Nov,35.83506377929398,45.86176208840107,18.303174132304953
2016 - Nov,43.333333333333336,35.92592592592593,20.74074074074074
2016 - Nov,40.41916167664671,45.209580838323355,14.37125748502994
2016 - Nov,38.01169590643275,40.60818713450293,21.380116959064328
2016 - Nov,36.10372340425532,40.75797872340425,23.138297872340424
2016 - Nov,38.093599449415,42.91121816930489,18.99518238128011
2016 - Nov,36.58536585365854,40.243902439024396,23.170731707317074
2016 - Nov,36.01190476190476,40.07936507936508,23.908730158730158
2016 - Nov,43.49775784753363,34.08071748878923,22.421524663677133
2016 - Nov,32.142857142857146,45.23809523809524,22.61904761904762
2016 - Nov,31.929696082021238,38.70377151226657,29.366532405712192
2016 - Nov,35.44935805991441,41.11982881597718,23.430813124108415
2016 - Nov,35.359801488833746,37.779156327543426,26.86104218362283
2016 - Dec,34.188817598533454,35.991445157348004,29.819737244118542
2016 - Dec,34.10366457576758,34.36777814460218,31.528557279630242
2016 - Dec,35.949367088607595,32.40506329113924,31.645569620253166
2016 - Dec,38.951310861423224,24.719101123595504,36.329588014981276
2016 - Dec,32.95915185531649,35.360149672591206,31.6806984720923
2016 - Dec,34.407915735716564,36.99329715927227,28.59878710501117
2016 - Dec,35.100606834877034,36.3781539444267,28.521239220696266
2016 - Dec,37.628865979381445,37.45704467353952,24.914089347079038
2016 - Dec,38.184473107812124,33.487466536870286,28.328060355317596
2016 - Dec,41.139240506329116,36.91983122362869,21.940928270042196
2016 - Dec,41.717791411042946,27.607361963190186,30.67484662576687
2016 - Dec,34.29752066115703,31.611570247933884,34.090909090909086
2016 - Dec,33.54856066720473,33.52165725047081,32.92978208232446
2016 - Dec,32.93377284986515,31.225651783038654,35.84057536709619
2016 - Dec,37.55102040816327,32.534013605442176,29.91496598639456
2016 - Dec,37.704402515723274,34.59119496855346,27.70440251572327
2016 - Dec,38.50746268656716,36.71641791044776,24.776119402985074
2016 - Dec,39.81481481481482,37.03703703703704,23.14814814814815
2016 - Dec,38.17771084337349,36.89759036144578,24.92469879518072
2016 - Dec,37.05263157894737,42.863157894736844,20.08421052631579
2016 - Dec,37.36961451247166,40.816326530612244,21.8140589569161
2016 - Dec,39.739966082532504,36.235161107970605,24.02487280949689
2016 - Dec,37.61878144214645,31.19060927892677,31.19060927892677
2016 - Dec,18.181818181818183,36.36363636363637,45.45454545454545
2016 - Dec,53.333333333333336,20.0,26.666666666666668
2016 - Dec,38.983050847457626,35.59322033898305,25.423728813559322
2016 - Dec,45.17704517704518,28.144078144078144,26.67887667887668
2016 - Dec,42.10526315789473,28.57142857142857,29.32330827067669
2016 - Dec,41.71974522292994,26.342129208371247,31.938125568698815
2016 - Dec,34.97857482939216,31.296619584192985,33.72480558641485
2016 - Dec,35.50807871965694,34.36710314725477,30.124818133088294
2017 - Jan,36.44392601233128,33.827695384102654,29.728378603566075
2017 - Jan,35.32608695652174,33.462732919254655,31.211180124223603
2017 - Jan,35.39443968538276,37.69176855385095,26.913791760766298
2017 - Jan,34.95357728017477,36.89240851993446,28.15401419989077
2017 - Jan,38.22682786413356,35.981577432354634,25.791594703511798
2017 - Jan,36.30094043887147,39.74921630094044,23.94984326018809
2017 - Jan,34.04255319148936,38.297872340425535,27.659574468085108
2017 - Jan,32.03125,41.40625,26.5625
2017 - Jan,35.299374441465595,41.8230563002681,22.87756925826631
2017 - Jan,37.27777777777778,32.22222222222222,30.5
2017 - Jan,36.62750518313753,33.033863165169315,30.33863165169316
2017 - Jan,36.18194348725017,35.01033769813922,28.80771881461061
2017 - Jan,37.334086416266594,37.22112397627789,25.44478960745552
2017 - Jan,33.44827586206897,38.62068965517241,27.93103448275862
2017 - Jan,37.06422018348624,34.77064220183486,28.165137614678898
2017 - Jan,38.448844884488445,36.7986798679868,24.752475247524753
2017 - Jan,37.12769094662342,38.2188145089944,24.653494544382188
2017 - Jan,39.62425277540564,38.898377455166525,21.47736976942784
2017 - Jan,39.78102189781022,38.777372262773724,21.44160583941606
2017 - Jan,40.52074857607811,38.28315703824247,21.196094385679416
2017 - Jan,44.086021505376344,36.200716845878134,19.71326164874552
2017 - Jan,44.40894568690096,41.533546325878596,14.057507987220447
2017 - Jan,38.993288590604024,35.43624161073826,25.57046979865772
2017 - Jan,36.075949367088604,34.177215189873415,29.746835443037973
2017 - Jan,32.05128205128205,36.36363636363637,31.585081585081586
2017 - Jan,34.10013531799729,37.16734325665313,28.73252142534957
2017 - Jan,31.14406779661017,40.04237288135593,28.8135593220339
2017 - Jan,33.48623853211009,37.15596330275229,29.357798165137616
2017 - Jan,31.606217616580313,35.233160621761655,33.160621761658035
2017 - Jan,29.232995658465992,31.45200192957067,39.31500241196334
2017 - Jan,32.665576451349146,35.48650858544563,31.84791496320523
2017 - Feb,37.70258743247086,34.5749218083594,27.722490759169748
2017 - Feb,35.74821852731592,36.63895486935867,27.612826603325413
2017 - Feb,35.851851851851855,36.098765432098766,28.049382716049383
2017 - Feb,36.92307692307693,26.666666666666668,36.41025641025641
2017 - Feb,38.02395209580838,33.23353293413174,28.74251497005988
2017 - Feb,35.859073359073356,39.092664092664094,25.04826254826255
2017 - Feb,35.45930509281295,35.07853403141361,29.462160875773442
2017 - Feb,37.392094502498864,35.71104043616538,26.896865061335756
2017 - Feb,36.84680661009379,37.87405091558732,25.279142474318895
2017 - Feb,37.988826815642454,37.43016759776536,24.581005586592177
2017 - Feb,37.74954627949184,40.653357531760435,21.59709618874773
2017 - Feb,34.64912280701755,34.21052631578947,31.140350877192986
2017 - Feb,36.237695953335766,33.795114837768864,29.967189208895366
2017 - Feb,35.19515477792732,35.363391655450876,29.441453566621806
2017 - Feb,38.91446571359341,36.05524594136176,25.030288345044827
2017 - Feb,39.678972712680576,36.8860353130016,23.434991974317818
2017 - Feb,42.20068771491091,39.32478899656143,18.474523288527664
2017 - Feb,39.31240657698057,44.843049327354265,15.844544095665173
2017 - Feb,41.70731707317073,41.21951219512195,17.073170731707318
2017 - Feb,40.5852417302799,41.603053435114504,17.8117048346056
2017 - Feb,41.80107526881721,40.0,18.198924731182796
2017 - Feb,38.19667347534286,38.75109425153195,23.05223227312518
2017 - Feb,39.10238429172511,38.03646563814867,22.861150070126225
2017 - Feb,40.26612669945039,35.088226786230834,24.645646514318774
2017 - Feb,40.16393442622951,35.450819672131146,24.385245901639344
2017 - Feb,44.1025641025641,31.794871794871792,24.102564102564102
2017 - Feb,37.072908259348935,32.714554748453054,30.212536992198007
2017 - Feb,36.22205936240381,32.979113228288746,30.79882740930744
2017 - Mar,35.68904593639576,27.95596629518891,36.354987768415334
2017 - Mar,29.859316681022108,23.16968130921619,46.9710020097617
2017 - Mar,31.207247180624886,28.72989462007765,40.062858199297466
2017 - Mar,30.633802816901408,30.633802816901408,38.732394366197184
2017 - Mar,30.833333333333336,32.916666666666664,36.25
2017 - Mar,34.57354221061793,29.52567449956484,35.900783289817234
2017 - Mar,37.1797941106057,28.8245152022983,33.995690687096
2017 - Mar,38.13238243815467,26.85535992868286,35.01225763316247
2017 - Mar,36.84804059768819,29.884409360022556,33.26755004228926
2017 - Mar,33.735360950882715,31.218318475790944,35.04632057332634
2017 - Mar,34.9705304518664,30.648330058939095,34.3811394891945
2017 - Mar,34.523809523809526,25.595238095238095,39.88095238095239
2017 - Mar,35.4014598540146,31.751824817518248,32.846715328467155
2017 - Mar,37.5531914893617,29.867021276595747,32.57978723404255
2017 - Mar,49.494949494949495,27.153891859774216,23.351158645276293
2017 - Mar,50.83174256885737,28.38832833378784,20.779929097354785
2017 - Mar,49.511503309171125,29.656476520642926,20.832020170185945
2017 - Mar,50.33333333333333,32.0,17.666666666666668
2017 - Mar,51.06382978723404,34.04255319148936,14.893617021276595
2017 - Mar,53.696741854636585,27.380952380952383,18.922305764411025
2017 - Mar,54.52771272443404,22.6775956284153,22.794691647150664
2017 - Mar,51.06534090909091,23.579545454545457,25.355113636363637
2017 - Mar,47.67769176636172,20.19704433497537,32.125263898662915
2017 - Mar,47.59842519685039,24.409448818897637,27.99212598425197
2017 - Mar,52.78810408921933,24.1635687732342,23.04832713754647
2017 - Mar,47.8021978021978,28.57142857142857,23.626373626373624
2017 - Mar,41.95991091314031,26.146993318485524,31.893095768374163
2017 - Mar,34.89892984542212,21.67063020214031,43.430439952437574
2017 - Mar,28.085390260173448,21.34756504336224,50.567044696464315
2017 - Mar,34.3808925204274,23.94720301697046,41.671904462602136
2017 - Mar,34.693689543988945,25.766927683095346,39.5393827729157
2017 - Apr,34.3228602383532,26.153846153846157,39.52329360780065
2017 - Apr,35.64356435643564,23.762376237623762,40.5940594059406
2017 - Apr,31.137344503681135,25.412541254125415,43.45011424219345
2017 - Apr,29.660194174757283,23.54368932038835,46.79611650485437
2017 - Apr,29.357798165137616,26.911314984709477,43.730886850152906
2017 - Apr,30.034808552958726,28.54301342615614,41.422178020885134
2017 - Apr,28.80886426592798,27.60849492151431,43.58264081255771
2017 - Apr,33.59375,25.78125,40.625
2017 - Apr,42.42424242424242,28.78787878787879,28.78787878787879
2017 - Apr,33.617661816357256,32.86502759658806,33.517310587054695
2017 - Apr,30.440587449933243,22.563417890520697,46.99599465954606
2017 - Apr,31.301775147928996,25.384615384615383,43.31360946745562
2017 - Apr,25.521405049396268,24.20417124039517,50.27442371020856
2017 - Apr,34.87698986975398,34.00868306801736,31.114327062228654
2017 - Apr,34.73053892215569,38.92215568862276,26.34730538922156
2017 - Apr,38.095238095238095,33.33333333333333,28.57142857142857
2017 - Apr,37.90248390064397,39.527752223244406,22.569763876111622
2017 - Apr,31.339332980412916,35.78613022763367,32.87453679195341
2017 - Apr,29.944468175993165,34.64331482272533,35.412217001281505
2017 - Apr,30.44917257683215,33.66430260047281,35.88652482269504
2017 - Apr,30.709101060859854,30.15075376884422,39.14014517029592
2017 - Apr,30.851063829787233,28.191489361702125,40.95744680851064
2017 - Apr,29.292929292929294,24.242424242424242,46.464646464646464
2017 - Apr,30.717185385656293,31.84483536310329,37.437979251240414
2017 - Apr,38.18181818181819,37.52066115702479,24.297520661157023
2017 - Apr,36.02503912363068,37.96557120500783,26.009389671361504
2017 - Apr,38.27014218009479,36.37440758293839,25.355450236966824
2017 - Apr,37.882269754286725,40.1979847975959,21.919745448117375
2017 - Apr,36.79245283018868,36.477987421383645,26.729559748427672
2017 - Apr,37.46397694524496,37.319884726224785,25.216138328530256
2017 - May,33.23903818953324,35.45068792593545,31.31027388453131
2017 - May,34.19010669253152,34.48108632395732,31.328806983511154
2017 - May,34.19428571428572,38.14857142857143,27.65714285714286
2017 - May,35.294117647058826,33.98692810457516,30.718954248366014
2017 - May,41.15064695009242,31.49260628465804,27.35674676524954
2017 - May,44.05940594059406,31.683168316831683,24.257425742574256
2017 - May,42.54385964912281,34.64912280701755,22.807017543859647
2017 - May,37.44699843784869,31.733987949118504,30.8190136130328
2017 - May,35.881403791851554,30.133118192819687,33.985478015328766
2017 - May,35.913750441852244,29.957582184517495,34.12866737363026
2017 - May,40.543259557344065,31.75050301810865,27.706237424547286
2017 - May,39.191530317613086,34.879692011549565,25.928777670837345
2017 - May,42.32804232804233,41.269841269841265,16.402116402116402
2017 - May,41.07744107744108,34.34343434343434,24.579124579124578
2017 - May,37.19293204999282,36.230426662835804,26.57664128717138
2017 - May,37.817516764885184,34.85064011379801,27.33184312131681
2017 - May,37.90893760539629,35.36256323777403,26.728499156829677
2017 - May,36.409480584972265,35.97243234157001,27.618087073457726
2017 - May,35.528219971056444,34.00868306801736,30.463096960926194
2017 - May,33.506493506493506,33.896103896103895,32.5974025974026
2017 - May,34.5360824742268,27.835051546391753,37.628865979381445
2017 - May,38.011179758752576,38.57016769638129,23.418652544866138
2017 - May,36.48493213710605,34.57556935817806,28.939498504715893
2017 - May,43.70680247362677,33.26664241542379,23.026555110949438
2017 - May,48.8376598217745,31.344440139480824,19.817900038744675
2017 - May,52.66172506738545,36.05121293800539,11.287061994609164
2017 - May,51.20772946859904,40.09661835748793,8.695652173913043
2017 - May,51.38121546961326,30.386740331491712,18.23204419889503
2017 - May,57.407407407407405,41.358024691358025,1.2345679012345678
2017 - May,48.88323437941759,34.238054848741875,16.878710771840545
2017 - May,46.26290915455978,37.073341501837916,16.663749343602312
2017 - Jun,51.33915136924466,32.500752332229915,16.160096298525428
2017 - Jun,51.511487303506655,33.01088270858525,15.4776299879081
2017 - Jun,48.34123222748815,29.85781990521327,21.80094786729858
2017 - Jun,52.83018867924528,33.9622641509434,13.20754716981132
2017 - Jun,50.604490500863555,32.08981001727116,17.305699481865286
2017 - Jun,48.586196412283364,38.3399209486166,13.073882639100031
2017 - Jun,45.14383366562233,35.60239248077471,19.25377385360296
2017 - Jun,38.226990400903446,35.742518351214,26.030491247882555
2017 - Jun,38.028169014084504,35.64996536596629,26.321865619949204
2017 - Jun,32.76955602536998,32.346723044397464,34.883720930232556
2017 - Jun,38.25503355704698,36.241610738255034,25.503355704697988
2017 - Jun,31.07344632768362,31.93577163247101,36.99078203984538
2017 - Jun,31.86641697877653,32.80274656679151,35.33083645443196
2017 - Jun,35.812517541397696,35.70025259612686,28.487229862475445
2017 - Jun,35.203619909502265,39.040723981900456,25.755656108597286
2017 - Jun,34.20628525382756,39.40370668815471,26.390008058017727
2017 - Jun,34.04255319148936,30.851063829787233,35.1063829787234
2017 - Jun,42.22222222222222,38.88888888888889,18.88888888888889
2017 - Jun,33.78243512974052,39.271457085828345,26.94610778443114
2017 - Jun,35.4998099581908,39.490687951349294,25.0095020904599
2017 - Jun,33.13000381242851,39.53488372093023,27.33511246664125
2017 - Jun,32.942555685814774,42.12583040250097,24.931613911684252
2017 - Jun,31.069364161849713,43.0635838150289,25.86705202312139
2017 - Jun,30.58823529411765,38.23529411764706,31.176470588235293
2017 - Jun,34.710743801652896,43.80165289256198,21.487603305785125
2017 - Jun,31.540203850509624,43.4881087202718,24.971687429218573
2017 - Jun,33.70485956308515,41.50691038787338,24.788230049041463
2017 - Jun,32.78236914600551,46.225895316804404,20.99173553719008
2017 - Jun,34.48753462603878,46.745152354570635,18.76731301939058
2017 - Jun,34.243902439024396,46.65365853658537,19.102439024390243
2017 - Jul,34.54020435362061,47.001332741004,18.458462905375388
2017 - Jul,36.875,46.875,16.25
2017 - Jul,37.76212832550861,43.42723004694836,18.81064162754304
2017 - Jul,31.25,51.24999999999999,17.5
2017 - Jul,40.17933390264731,40.990606319385144,18.830059777967552
2017 - Jul,34.94044242768009,46.34146341463415,18.718094157685762
2017 - Jul,40.30699260943718,39.11313246162592,20.579874928936896
2017 - Jul,55.55555555555556,31.746031746031743,12.698412698412698
2017 - Jul,47.524752475247524,35.64356435643564,16.831683168316832
2017 - Jul,40.721940214326004,42.526790750141004,16.751269035532996
2017 - Jul,37.949167397020155,45.048203330411916,17.002629272567923
2017 - Jul,40.73017683970336,39.53223046206503,19.737592698231605
2017 - Jul,35.9452736318408,48.6318407960199,15.422885572139302
2017 - Jul,38.79083740142696,48.32895230942546,12.880210289147579
2017 - Jul,39.42505133470226,49.28131416837782,11.293634496919918
2017 - Jul,33.80281690140845,46.478873239436616,19.718309859154928
2017 - Jul,37.79047619047619,45.63809523809524,16.57142857142857
2017 - Jul,34.46088794926004,41.64904862579281,23.890063424947147
2017 - Jul,34.400948991696325,43.83155397390273,21.767497034400947
2017 - Jul,31.31979695431472,46.04060913705584,22.63959390862944
2017 - Jul,32.95281582952816,41.01978691019787,26.027397260273972
2017 - Jul,24.369747899159663,40.33613445378151,35.294117647058826
2017 - Jul,26.923076923076923,23.076923076923077,50.0
2017 - Jul,32.309082693176684,38.49977406235879,29.19114324446453
2017 - Jul,31.692180388911872,44.06288787753414,24.244931733553994
2017 - Jul,26.50988776055585,48.04917156600748,25.440940673436664
2017 - Jul,28.649138712601996,45.24025385312783,26.11060743427017
2017 - Jul,29.460762823323105,48.04910127137221,22.490135905304694
2017 - Jul,29.6875,47.65625,22.65625
2017 - Jul,35.08771929824561,51.75438596491229,13.157894736842104
2017 - Jul,27.623294858342078,47.061909758656874,25.314795383001048
2017 - Aug,31.23429648241206,42.6821608040201,26.083542713567837
2017 - Aug,32.1025641025641,46.743589743589745,21.153846153846153
2017 - Aug,35.18957345971564,47.31437598736177,17.49605055292259
2017 - Aug,36.03364320495794,46.08233731739708,17.884019477644976
2017 - Aug,38.497652582159624,47.417840375586856,14.084507042253522
2017 - Aug,41.2037037037037,47.68518518518518,11.11111111111111
2017 - Aug,31.411126187245593,43.79240162822252,24.796472184531886
2017 - Aug,34.77769404672193,45.892991710625466,19.3293142426526
2017 - Aug,34.48275862068966,45.82577132486389,19.691470054446462
2017 - Aug,32.05448985265499,46.205170975813175,21.740339171531833
2017 - Aug,34.178131788559014,43.482983345401884,22.338884866039102
2017 - Aug,38.91402714932127,36.65158371040724,24.43438914027149
2017 - Aug,37.5,49.26470588235294,13.23529411764706
2017 - Aug,31.585403250536647,49.5246856792395,18.889911070223857
2017 - Aug,29.428748195504227,53.57805733140854,16.993194473087232
2017 - Aug,29.54729183508488,54.2037186742118,16.248989490703313
2017 - Aug,28.75520242149073,57.548240635641314,13.696556942867952
2017 - Aug,27.42222222222222,55.733333333333334,16.844444444444445
2017 - Aug,28.28282828282828,51.515151515151516,20.2020202020202
2017 - Aug,28.968253968253972,54.761904761904766,16.26984126984127
2017 - Aug,30.495356037151705,56.656346749226,12.848297213622292
2017 - Aug,32.8029948525971,53.15863359850257,14.038371548900328
2017 - Aug,30.89471082550667,55.857637172516064,13.247652001977261
2017 - Aug,32.538330494037474,55.02555366269165,12.43611584327087
2017 - Aug,30.075858991521642,59.75011155734047,10.174029451137885
2017 - Aug,34.93975903614458,54.81927710843374,10.240963855421686
2017 - Aug,33.33333333333333,57.57575757575758,9.090909090909092
2017 - Aug,27.96305797845049,59.928168291431504,12.10877373011801
2017 - Aug,29.324894514767934,58.79043600562588,11.884669479606188
2017 - Aug,28.09667673716012,54.53172205438066,17.371601208459214
2017 - Aug,28.75665663347997,56.12410280157444,15.119240564945589
2017 - Sep,25.178330441488335,56.79583574320416,18.0258338153075
2017 - Sep,30.357142857142854,53.57142857142857,16.071428571428573
2017 - Sep,28.333333333333332,54.166666666666664,17.5
2017 - Sep,21.11111111111111,64.44444444444444,14.444444444444443
2017 - Sep,25.193370165745854,53.370165745856355,21.43646408839779
2017 - Sep,28.26086956521739,55.00505561172901,16.73407482305359
2017 - Sep,27.842227378190255,56.51972157772622,15.638051044083525
2017 - Sep,31.015700096123037,54.30951618071131,14.674783723165651
2017 - Sep,33.771929824561404,50.877192982456144,15.350877192982457
2017 - Sep,37.142857142857146,49.714285714285715,13.142857142857142
2017 - Sep,29.584844820636842,53.52680370818218,16.888351471180975
2017 - Sep,30.413223140495866,53.884297520661164,15.702479338842975
2017 - Sep,30.773450356555127,53.976961053208996,15.249588590235874
2017 - Sep,31.522793404461684,57.12900096993211,11.348205625606207
2017 - Sep,31.790413533834588,54.48778195488722,13.721804511278195
2017 - Sep,27.918781725888326,50.25380710659898,21.82741116751269
2017 - Sep,28.717948717948715,60.0,11.282051282051283
2017 - Sep,33.16255239869585,47.83418723800652,19.003260363297624
2017 - Sep,33.88625592417062,43.55450236966825,22.55924170616114
2017 - Sep,33.78524945770065,49.62039045553146,16.594360086767896
2017 - Sep,37.78650949574329,43.811394891944985,18.402095612311722
2017 - Sep,35.40189125295508,43.08510638297872,21.513002364066196
2017 - Sep,36.91275167785235,51.006711409395976,12.080536912751679
2017 - Sep,36.84210526315789,40.78947368421053,22.36842105263158
2017 - Sep,35.9765832889835,49.06865353911655,14.954763171899947
2017 - Sep,29.557069846678026,52.12947189097103,18.313458262350938
2017 - Sep,31.54138915318744,50.999048525214086,17.459562321598476
2017 - Sep,29.433562731604024,56.7496029645315,13.816834303864479
2017 - Sep,29.769630110317973,56.32706035042181,13.903309539260219
2017 - Sep,30.68984247691472,53.2319391634981,16.078218359587183
2017 - Oct,29.572446555819475,52.850356294536816,17.577197149643705
2017 - Oct,30.805751492132394,52.699403147042865,16.49484536082474
2017 - Oct,29.48328267477204,55.10204081632652,15.414676508901435
2017 - Oct,32.920925228617534,49.00484131253362,18.074233458848845
2017 - Oct,27.95107033639144,54.61773700305811,17.431192660550458
2017 - Oct,28.687572590011612,52.49709639953542,18.81533101045296
2017 - Oct,32.05128205128205,51.28205128205128,16.666666666666664
2017 - Oct,29.268292682926827,53.65853658536586,17.073170731707318
2017 - Oct,29.979605710401085,50.64581917063222,19.37457511896669
2017 - Oct,32.771961766044605,47.70141101502048,19.526627218934912
2017 - Oct,32.82172373081464,46.45808736717827,20.720188902007084
2017 - Oct,32.56161314413741,42.41971620612397,25.01867064973861
2017 - Oct,28.57142857142857,40.30612244897959,31.122448979591837
2017 - Oct,33.02752293577982,40.36697247706422,26.605504587155966
2017 - Oct,29.198966408268735,46.770025839793284,24.031007751937985
2017 - Oct,33.9769542198692,44.254126440361254,21.768919339769543
2017 - Oct,33.374233128834355,42.08588957055215,24.539877300613497
2017 - Oct,32.920469361147326,49.478487614080834,17.60104302477184
2017 - Oct,32.04819277108434,40.321285140562246,27.630522088353416
2017 - Oct,35.20950594121326,38.524077548467794,26.26641651031895
2017 - Oct,23.809523809523807,30.952380952380953,45.23809523809524
2017 - Oct,42.05607476635514,35.981308411214954,21.962616822429908
2017 - Oct,35.041782729805014,36.32311977715877,28.63509749303621
2017 - Oct,34.382376081825335,41.778127458693945,23.839496459480724
2017 - Oct,32.603550295857985,46.68639053254438,20.710059171597635
2017 - Oct,34.25196850393701,46.41732283464567,19.330708661417322
2017 - Oct,35.74660633484163,41.94570135746606,22.30769230769231
2017 - Oct,30.597014925373134,48.507462686567166,20.8955223880597
2017 - Oct,32.97872340425532,48.93617021276596,18.085106382978726
2017 - Oct,35.41835905767668,39.60194963444354,24.979691307879772
2017 - Oct,34.674175382139985,42.826495038884424,22.499329578975598
2017 - Nov,33.00670448684889,42.71961492178099,24.273680591370123
2017 - Nov,33.532303370786515,41.25702247191011,25.21067415730337
2017 - Nov,35.182849936948294,36.48591845313157,28.33123160992013
2017 - Nov,28.440366972477065,44.95412844036697,26.605504587155966
2017 - Nov,35.526315789473685,38.81578947368421,25.657894736842106
2017 - Nov,37.18978102189781,38.24817518248175,24.56204379562044
2017 - Nov,36.809003641178414,41.012909632572,22.178086726249585
2017 - Nov,34.6072186836518,37.64027904155293,27.752502274795273
2017 - Nov,33.133591822347555,34.01480437081424,32.851603806838206
2017 - Nov,32.892307692307696,34.98461538461539,32.12307692307692
2017 - Nov,39.52569169960474,39.920948616600796,20.55335968379447
2017 - Nov,36.038961038961034,38.311688311688314,25.649350649350648
2017 - Nov,33.68580060422961,37.0392749244713,29.274924471299098
2017 - Nov,33.233890214797135,40.334128878281625,26.431980906921243
2017 - Nov,33.768721699756185,38.662486938349005,27.568791361894814
2017 - Nov,40.03087213789555,36.995111911499876,22.974015950604578
2017 - Nov,46.45900675874229,32.53012048192771,21.010872759330006
2017 - Nov,53.01204819277109,23.49397590361446,23.49397590361446
2017 - Nov,49.23857868020304,31.472081218274113,19.289340101522843
2017 - Nov,53.597951344430214,30.653008962868117,15.749039692701663
2017 - Nov,55.51193981027151,28.982662741249595,15.5053974484789
2017 - Nov,53.41074020319303,25.205611998064832,21.38364779874214
2017 - Nov,58.536585365853654,16.585365853658537,24.878048780487806
2017 - Nov,50.52023121387283,26.589595375722542,22.890173410404625
2017 - Nov,51.741293532338304,35.32338308457712,12.935323383084576
2017 - Nov,40.38461538461539,23.076923076923077,36.53846153846153
2017 - Nov,55.132778438367026,26.67459373761395,18.192627824019027
2017 - Nov,53.06047197640118,35.58259587020649,11.35693215339233
2017 - Nov,45.17925513400626,38.60076575008702,16.219979115906717
2017 - Nov,42.231388725201334,38.85287762718523,18.915733647613436
2017 - Dec,37.48991772866591,31.601871269559606,30.908211001774475
2017 - Dec,41.452991452991455,27.77777777777778,30.76923076923077
2017 - Dec,44.13793103448276,25.517241379310345,30.344827586206897
2017 - Dec,33.007746716066016,29.50488379925901,37.48736948467498
2017 - Dec,34.07821229050279,30.689013035381752,35.23277467411546
2017 - Dec,30.67623724971666,33.47185493010956,35.851907820173786
2017 - Dec,33.2409972299169,31.1788242536165,35.5801785164666
2017 - Dec,28.058902275769746,26.559571619812584,45.38152610441767
2017 - Dec,25.0,17.5,57.49999999999999
2017 - Dec,29.106628242074926,34.5821325648415,36.31123919308357
2017 - Dec,33.691869661499524,28.34546029737425,37.96267004112623
2017 - Dec,35.72173006774362,33.663366336633665,30.61490359562272
2017 - Dec,38.35065370432451,39.12168957425411,22.527656721421387
2017 - Dec,35.849624060150376,33.56390977443609,30.586466165413533
2017 - Dec,40.280958925026724,29.39380058024126,30.32524049473202
2017 - Dec,41.62436548223351,32.48730964467005,25.888324873096447
2017 - Dec,47.08994708994709,32.27513227513227,20.634920634920633
2017 - Dec,43.615775087856306,30.69113627489262,25.693088637251073
2017 - Dec,38.131313131313135,36.868686868686865,25.0
2017 - Dec,40.3000340947835,33.78793044664166,25.912035458574838
2017 - Dec,41.86524239934265,31.429745275267052,26.705012325390303
2017 - Dec,49.287598944591025,32.29551451187335,18.41688654353562
2017 - Dec,44.73684210526316,25.438596491228072,29.82456140350877
2017 - Dec,60.0,30.0,10.0
2017 - Dec,36.36363636363637,45.45454545454545,18.181818181818183
2017 - Dec,47.77227722772277,30.363036303630363,21.864686468646866
2017 - Dec,48.460087994971715,29.918290383406664,21.62162162162162
2017 - Dec,48.506246605105915,34.43780554046714,17.055947854426943
2017 - Dec,47.93574538357604,33.64359705749887,18.420657558925086
2017 - Dec,45.73378839590443,29.351535836177472,24.914675767918087
2017 - Dec,46.03244191144235,29.460762823323105,24.506795265234548
2018 - Jan,47.76923076923077,33.23076923076923,19.0
2018 - Jan,51.03689514449904,29.049720996085615,19.91338385941534
2018 - Jan,52.8235294117647,28.47058823529412,18.705882352941178
2018 - Jan,47.762408462164366,31.12286411716843,21.114727420667208
2018 - Jan,43.17063942489595,30.64699205448354,26.182368520620507
2018 - Jan,38.88888888888889,24.074074074074073,37.03703703703704
2018 - Jan,41.30434782608695,32.608695652173914,26.08695652173913
2018 - Jan,45.673952641165755,29.417122040072858,24.908925318761383
2018 - Jan,41.47933284989123,29.296591733139955,29.22407541696882
2018 - Jan,49.6264674493063,35.05869797225187,15.314834578441836
2018 - Jan,46.29101283880171,30.24251069900143,23.466476462196862
2018 - Jan,48.44827586206897,28.10344827586207,23.448275862068964
2018 - Jan,46.3768115942029,34.05797101449276,19.565217391304348
2018 - Jan,50.55555555555556,25.0,24.444444444444443
2018 - Jan,49.46879150066401,28.419654714475435,22.111553784860558
2018 - Jan,53.33483551149166,27.94051374493015,18.724650743578188
2018 - Jan,45.868400918133126,23.221117061973988,30.910482019892882
2018 - Jan,40.4551201011378,27.01222081753055,32.53265908133165
2018 - Jan,40.80536912751678,29.53020134228188,29.664429530201343
2018 - Jan,39.92673992673993,36.63003663003663,23.44322344322344
2018 - Jan,40.25157232704403,33.64779874213836,26.10062893081761
2018 - Jan,40.610484406104845,31.519575315195752,27.869940278699403
2018 - Jan,36.380057803468205,29.190751445086704,34.42919075144509
2018 - Jan,42.81609195402299,34.14750957854406,23.03639846743295
2018 - Jan,47.03915950334289,33.3810888252149,19.579751671442217
2018 - Jan,51.735647530040055,36.648865153538054,11.615487316421897
2018 - Jan,51.293103448275865,36.637931034482754,12.068965517241379
2018 - Jan,45.45454545454545,40.15151515151515,14.393939393939394
2018 - Jan,45.944192083062944,26.670992861778064,27.384815055158988
2018 - Jan,56.21621621621622,22.46246246246246,21.32132132132132
2018 - Jan,52.736000000000004,22.176000000000002,25.088
2018 - Feb,53.51872871736663,20.54483541430193,25.936435868331444
2018 - Feb,52.924634420697416,19.797525309336333,27.27784026996625
2018 - Feb,52.97805642633229,19.74921630094044,27.27272727272727
2018 - Feb,53.57142857142857,21.428571428571427,25.0
2018 - Feb,56.940806705081194,21.79151388161341,21.267679413305395
2018 - Feb,51.10330992978936,21.263791374122366,27.632898696088265
2018 - Feb,48.771562990067956,22.84370099320439,28.38473601672765
2018 - Feb,43.89561975768873,29.683131407269336,26.42124883504194
2018 - Feb,43.33490343853038,29.9576071596797,26.707489401789918
2018 - Feb,42.16524216524217,34.18803418803419,23.646723646723647
2018 - Feb,37.920489296636084,27.82874617737003,34.25076452599388
2018 - Feb,38.23796548592189,27.293369663941867,34.468664850136236
2018 - Feb,35.633484162895925,24.773755656108598,39.59276018099548
2018 - Feb,50.23904382470119,25.776892430278885,23.98406374501992
2018 - Feb,53.349127719147106,25.52229162179625,21.128580659056645
2018 - Feb,47.668780305856025,24.654979485266693,27.676240208877285
2018 - Feb,50.54945054945055,23.9010989010989,25.549450549450547
2018 - Feb,55.33707865168539,25.280898876404496,19.382022471910112
2018 - Feb,46.285714285714285,24.857142857142858,28.857142857142858
2018 - Feb,51.37378362907842,24.67086433886663,23.955352032054954
2018 - Feb,54.37727122563595,21.836802114304593,23.785926660059463
2018 - Feb,44.827586206896555,34.29636533084809,20.87604846225536
2018 - Feb,43.769230769230774,34.42307692307692,21.80769230769231
2018 - Feb,40.909090909090914,37.94466403162055,21.14624505928854
2018 - Feb,41.63090128755365,31.759656652360512,26.609442060085836
2018 - Feb,42.9827646851917,33.87266971508969,23.144565599718607
2018 - Feb,43.76192293017932,33.99465852727966,22.243418542541015
2018 - Feb,44.33014939995102,34.0191036002939,21.650746999755082
2018 - Mar,49.5627261761158,31.845597104945718,18.59167671893848
2018 - Mar,45.64270152505447,27.233115468409586,27.124183006535947
2018 - Mar,50.35460992907801,26.95035460992908,22.69503546099291
2018 - Mar,35.92233009708738,33.00970873786408,31.06796116504854
2018 - Mar,37.7639751552795,32.91925465838509,29.316770186335404
2018 - Mar,38.48602759108596,32.755571276972056,28.758401131941984
2018 - Mar,40.025094102885824,30.69845253032204,29.276453366792136
2018 - Mar,44.55653635981505,27.574611181168557,27.86885245901639
2018 - Mar,44.65573770491803,27.704918032786885,27.639344262295083
2018 - Mar,40.25,30.75,28.999999999999996
2018 - Mar,46.69811320754717,26.41509433962264,26.88679245283019
2018 - Mar,45.02564102564103,30.512820512820515,24.461538461538463
2018 - Mar,47.579864472410456,24.878993223620522,27.541142303969025
2018 - Mar,46.49746192893401,19.49238578680203,34.01015228426396
2018 - Mar,47.39963503649635,19.7764598540146,32.82390510948905
2018 - Mar,43.77162629757785,25.08650519031142,31.141868512110726
2018 - Mar,60.8,16.0,23.200000000000003
2018 - Mar,48.214285714285715,19.642857142857142,32.142857142857146
2018 - Mar,41.86450492182976,21.424435437174292,36.71105964099595
2018 - Mar,43.47826086956522,27.594202898550723,28.92753623188406
2018 - Mar,41.87290969899666,31.77257525083612,26.354515050167226
2018 - Mar,45.60386473429951,30.241545893719806,24.154589371980677
2018 - Mar,42.49226006191951,29.566563467492262,27.941176470588236
2018 - Mar,47.05882352941176,31.016042780748666,21.92513368983957
2018 - Mar,44.34782608695652,33.04347826086956,22.608695652173914
2018 - Mar,46.21908127208481,27.06713780918728,26.713780918727913
2018 - Mar,44.696969696969695,25.151515151515152,30.151515151515152
2018 - Mar,42.61285909712722,25.85499316005472,31.532147742818058
2018 - Mar,45.125786163522015,30.50314465408805,24.371069182389938
2018 - Mar,45.15532544378698,32.10059171597633,22.744082840236686
2018 - Mar,44.05015377336172,31.156848828956708,24.79299739768157
2018 - Apr,43.77670179436058,31.102250071204786,25.12104813443463
2018 - Apr,41.92347774304005,29.37323209766265,28.703290159297307
2018 - Apr,40.54742202418842,28.644175684277528,30.808402291534055
2018 - Apr,40.493662441627755,27.81854569713142,31.68779186124083
2018 - Apr,37.95892968263846,22.588674548848786,39.45239576851275
2018 - Apr,41.74698795180723,20.843373493975903,37.40963855421687
2018 - Apr,40.0,14.374999999999998,45.625
2018 - Apr,43.373493975903614,21.686746987951807,34.93975903614458
2018 - Apr,37.5,26.13146551724138,36.36853448275862
2018 - Apr,45.368782161234996,30.18867924528302,24.44253859348199
2018 - Apr,45.47339322736696,24.464409122322046,30.06219765031099
2018 - Apr,42.391947898164595,27.057430432208406,30.550621669627
2018 - Apr,42.17933252915159,24.125452352231605,33.69521511861681
2018 - Apr,50.0,20.967741935483872,29.03225806451613
2018 - Apr,43.62204724409449,25.826771653543307,30.551181102362207
2018 - Apr,49.85207100591716,26.183431952662723,23.964497041420117
2018 - Apr,50.694801852804936,29.490478641276376,19.81471950591868
2018 - Apr,49.899598393574294,29.31726907630522,20.783132530120483
2018 - Apr,55.55555555555556,30.495430495430497,13.949013949013949
2018 - Apr,59.66197183098592,23.154929577464788,17.183098591549296
2018 - Apr,72.22222222222221,16.666666666666664,11.11111111111111
2018 - Apr,65.11627906976744,19.379844961240313,15.503875968992247
2018 - Apr,51.39588100686498,22.471395881006863,26.132723112128147
2018 - Apr,55.0302571860817,25.718608169440245,19.251134644478064
2018 - Apr,57.289002557544755,21.921812203142128,20.789185239313117
2018 - Apr,54.031031335564336,26.954669911773653,19.014298752662
2018 - Apr,54.3291473892928,30.07270323859881,15.598149372108395
2018 - Apr,51.45631067961165,29.449838187702266,19.093851132686083
2018 - Apr,50.29239766081871,30.409356725146196,19.298245614035086
2018 - Apr,41.87202766969304,28.51275399913532,29.61521833117164
2018 - May,38.38316128167315,29.052151762970908,32.564686955355945
2018 - May,37.331812998859746,27.115165336374,35.55302166476625
2018 - May,38.271865121180184,28.38777660695469,33.34035827186512
2018 - May,40.181340968742546,26.509186351706038,33.30947267955142
2018 - May,36.25,35.41666666666667,28.333333333333332
2018 - May,41.66666666666667,31.41025641025641,26.923076923076923
2018 - May,40.19162884518406,32.55168935955623,27.25668179525971
2018 - May,36.957420421661844,29.37164117403886,33.6709384042993
2018 - May,32.49311586528278,29.35818682482525,38.14869730989197
2018 - May,35.395888459189905,32.729493181355586,31.87461835945451
2018 - May,38.0722891566265,37.34939759036144,24.57831325301205
2018 - May,43.44086021505376,38.924731182795696,17.634408602150536
2018 - May,37.05882352941177,45.88235294117647,17.058823529411764
2018 - May,39.778714436248684,37.46048472075869,22.760800842992623
2018 - May,40.34010996036312,38.17926096407109,21.480629075565787
2018 - May,37.648782274308736,38.179820545687605,24.171397180003662
2018 - May,38.71919472405415,33.56473446719889,27.716070808746963
2018 - May,38.351904638507385,32.91008033169215,28.73801502980047
2018 - May,43.47826086956522,33.33333333333333,23.18840579710145
2018 - May,34.87858719646799,28.03532008830022,37.086092715231786
2018 - May,34.89028213166144,28.589341692789972,36.52037617554859
2018 - May,31.77298083919476,30.85132185301965,37.37569730778559
2018 - May,32.12099387828592,30.284479654303205,37.59452646741088
2018 - May,36.586284853052,30.972117558402413,32.44159758854559
2018 - May,39.38181818181818,28.4,32.21818181818182
2018 - May,40.07936507936508,22.61904761904762,37.301587301587304
2018 - May,43.80952380952381,20.0,36.19047619047619
2018 - May,29.292929292929294,31.313131313131315,39.39393939393939
2018 - May,35.642517186673714,26.99629825489159,37.36118455843469
2018 - May,32.41530587375092,30.319278576651232,37.26541554959786
2018 - May,35.03989361702128,33.06183510638298,31.898271276595747
2018 - Jun,35.010103158566416,35.839625651387855,29.15027119004573
2018 - Jun,32.666666666666664,38.0,29.333333333333332
2018 - Jun,28.901734104046245,37.57225433526011,33.52601156069364
2018 - Jun,27.52877044215627,30.6480920654149,41.82313749242883
2018 - Jun,33.91212838726651,28.49250197316496,37.59536963956853
2018 - Jun,34.72823472823473,35.01683501683502,30.254930254930258
2018 - Jun,35.97528210639441,39.01128425577646,25.013433637829124
2018 - Jun,32.75370581527936,40.478905359179016,26.767388825541623
2018 - Jun,29.372937293729372,41.254125412541256,29.372937293729372
2018 - Jun,30.67484662576687,33.43558282208589,35.88957055214724
2018 - Jun,35.62726374711887,37.83338821205137,26.53934804082977
2018 - Jun,35.42141230068337,39.17995444191344,25.39863325740319
2018 - Jun,36.52359370834444,39.64276193015196,23.8336443615036
2018 - Jun,34.041423260754115,40.67976633032395,25.27881040892193
2018 - Jun,36.77854732729533,40.774285206890426,22.447167465814243
2018 - Jun,40.909090909090914,43.63636363636363,15.454545454545453
2018 - Jun,27.027027027027028,48.64864864864865,24.324324324324326
2018 - Jun,39.839034205231385,39.758551307847085,20.40241448692153
2018 - Jun,41.47286821705426,42.42424242424242,16.10288935870331
2018 - Jun,40.27666932694866,43.149773876030864,16.573556797020483
2018 - Jun,38.99191631003329,40.84640989063243,20.161673799334284
2018 - Jun,39.86784140969163,39.53744493392071,20.594713656387665
2018 - Jun,34.61538461538461,35.57692307692308,29.807692307692307
2018 - Jun,34.375,40.625,25.0
2018 - Jun,36.77042801556421,31.420233463035018,31.809338521400775
2018 - Jun,36.87258687258687,34.55598455598455,28.57142857142857
2018 - Jun,39.453125,26.953125,33.59375
2018 - Jun,38.036117381489845,29.119638826185103,32.84424379232506
2018 - Jun,34.81345244351024,30.03152916447714,35.15501839201261
2018 - Jun,36.13707165109034,29.82866043613707,34.034267912772584
2018 - Jul,33.63636363636363,30.82644628099174,35.53719008264463
2018 - Jul,33.47409452655514,31.622543446483675,34.90336202696118
2018 - Jul,34.583333333333336,29.51388888888889,35.90277777777778
2018 - Jul,25.0,30.0,45.0
2018 - Jul,32.96317942723553,28.75511396843951,38.28170660432495
2018 - Jul,34.016139044072006,26.81564245810056,39.16821849782743
2018 - Jul,36.84210526315789,19.298245614035086,43.859649122807014
2018 - Jul,24.285714285714285,24.285714285714285,51.42857142857142
2018 - Jul,36.95458593054319,26.714158504007123,36.33125556544969
2018 - Jul,34.963462619449125,20.685778527262507,44.35075885328836
2018 - Jul,34.155744024672316,22.436391673091748,43.40786430223593
2018 - Jul,34.303534303534306,27.78932778932779,37.90713790713791
2018 - Jul,34.16230366492147,39.09249563699825,26.74520069808028
2018 - Jul,33.33333333333333,38.51851851851852,28.14814814814815
2018 - Jul,32.80632411067194,37.351778656126484,29.841897233201582
2018 - Jul,32.458471760797345,37.50830564784054,30.033222591362126
2018 - Jul,33.02919708029197,30.77858880778589,36.19221411192214
2018 - Jul,32.64495631453534,24.14614773629865,43.208895949166006
2018 - Jul,32.38489394723228,28.297982410760476,39.31712364200724
2018 - Jul,38.3183568677792,27.471116816431323,34.21052631578947
2018 - Jul,17.391304347826086,30.434782608695656,52.17391304347826
2018 - Jul,38.38383838383838,35.35353535353536,26.262626262626267
2018 - Jul,37.73242630385488,33.151927437641724,29.115646258503403
2018 - Jul,36.77236157122575,36.77236157122575,26.455276857548508
2018 - Jul,40.089585666293395,27.80888391190743,32.10153042179918
2018 - Jul,35.586149353358365,26.574885273258243,37.838965373383395
2018 - Jul,33.21167883211679,26.824817518248175,39.96350364963504
2018 - Jul,48.64864864864865,28.82882882882883,22.52252252252252
2018 - Jul,29.03225806451613,28.110599078341014,42.857142857142854
2018 - Jul,35.144312393887944,28.43803056027165,36.41765704584041
2018 - Jul,53.228659885006635,25.630252100840334,21.141088014153027
2018 - Aug,53.177314656645024,25.503928937478648,21.318756405876325
2018 - Aug,50.6436420722135,29.795918367346943,19.560439560439562
2018 - Aug,55.93578369243768,24.714828897338403,19.349387410223912
2018 - Aug,56.09756097560976,22.926829268292686,20.975609756097562
2018 - Aug,60.36036036036037,23.423423423423422,16.216216216216218
2018 - Aug,56.62690523525513,23.989396951623593,19.383697813121273
2018 - Aug,56.21621621621622,23.93822393822394,19.845559845559848
2018 - Aug,40.99960952752831,25.458805154236625,33.541585318235065
2018 - Aug,39.297658862876254,24.949832775919734,35.75250836120401
2018 - Aug,30.42746549983171,20.094244362167622,49.47829013800067
2018 - Aug,23.981900452488688,17.194570135746606,58.82352941176471
2018 - Aug,24.675324675324674,11.688311688311687,63.63636363636363
2018 - Aug,28.085414404632647,30.54650741947159,41.36807817589577
2018 - Aug,30.09138381201044,36.945169712793735,32.96344647519582
2018 - Aug,35.04472967716842,37.670167250097236,27.285103072734344
2018 - Aug,35.4989231873654,31.442928930366115,33.058147882268486
2018 - Aug,34.727112676056336,28.477112676056336,36.79577464788733
2018 - Aug,34.92822966507177,35.406698564593306,29.665071770334926
2018 - Aug,38.297872340425535,29.78723404255319,31.914893617021278
2018 - Aug,39.144845873384156,34.80278422273782,26.052369903878024
2018 - Aug,38.03591058995969,33.19897398314401,28.765115426896298
2018 - Aug,42.3110338835795,32.75412684622068,24.934839270199827
2018 - Aug,41.62679425837321,32.61562998405104,25.757575757575758
2018 - Aug,38.2502543234995,33.97761953204476,27.77212614445575
2018 - Aug,32.142857142857146,38.392857142857146,29.464285714285715
2018 - Aug,34.375,40.625,25.0
2018 - Aug,31.255060728744937,35.506072874493924,33.23886639676113
2018 - Aug,28.037383177570092,31.879543094496366,40.083073727933545
2018 - Aug,32.05192211682476,35.24712930604094,32.7009485771343
2018 - Aug,30.66202090592334,31.576655052264808,37.76132404181185
2018 - Aug,35.65436241610738,30.844519015659955,33.50111856823266
2018 - Sep,36.98550724637681,32.231884057971016,30.782608695652176
2018 - Sep,32.91139240506329,35.44303797468354,31.645569620253166
2018 - Sep,35.76158940397351,27.81456953642384,36.423841059602644
2018 - Sep,40.8848737549224,33.240676395645124,25.874449849432473
2018 - Sep,44.367480860371856,39.263580021873864,16.368939117754284
2018 - Sep,42.79741543139491,36.335993918662105,20.86659064994299
2018 - Sep,36.91414350891746,32.22729158025716,30.858564910825383
2018 - Sep,38.0,27.333333333333332,34.66666666666667
2018 - Sep,37.88819875776397,37.267080745341616,24.84472049689441
2018 - Sep,34.40311937612478,33.68326334733053,31.91361727654469
2018 - Sep,34.65485074626866,36.940298507462686,28.404850746268657
2018 - Sep,30.430107526881724,32.365591397849464,37.204301075268816
2018 - Sep,33.572281959378735,36.4794902429311,29.948227797690162
2018 - Sep,34.348355663824606,35.80998781973204,29.84165651644336
2018 - Sep,29.830508474576273,38.983050847457626,31.186440677966104
2018 - Sep,30.833333333333336,32.5,36.666666666666664
2018 - Sep,33.69565217391305,35.02805049088359,31.276297335203367
2018 - Sep,34.93356193741963,37.633947706815256,27.43249035576511
2018 - Sep,33.911368015414254,38.77649325626204,27.3121387283237
2018 - Sep,38.80255941499086,38.20840950639854,22.9890310786106
2018 - Sep,35.01110288675056,40.784603997039234,24.204293116210216
2018 - Sep,50.0,39.39393939393939,10.606060606060606
2018 - Sep,31.693989071038253,44.80874316939891,23.497267759562842
2018 - Sep,41.58480681074001,37.524557956778,20.89063523248199
2018 - Sep,36.40856672158155,38.50906095551895,25.082372322899506
2018 - Sep,35.96608656849621,39.49129852744311,24.542614904060684
2018 - Sep,33.90964863357501,37.702175125488004,28.38817624093698
2018 - Sep,34.93571827836781,40.525433202906655,24.538848518725544
2018 - Sep,38.144329896907216,37.11340206185567,24.742268041237114
2018 - Sep,34.98279968245568,40.35459116168298,24.66260915586134
2018 - Oct,32.57686676427526,36.17313323572474,31.25
2018 - Oct,35.57737260402057,35.34361851332398,29.079008882655444
2018 - Oct,31.225296442687743,36.231884057971016,32.54281949934124
2018 - Oct,29.575328614762388,32.30535894843276,38.119312436804854
2018 - Oct,29.68359700249792,26.68609492089925,43.63030807660283
2018 - Oct,32.748538011695906,33.33333333333333,33.91812865497076
2018 - Oct,32.17391304347826,38.26086956521739,29.565217391304348
2018 - Oct,29.155313351498634,33.5149863760218,37.32970027247956
2018 - Oct,37.78905809362662,35.81500282007896,26.39593908629442
2018 - Oct,37.37727910238429,34.572230014025244,28.050490883590463
2018 - Oct,30.31980319803198,29.397293972939732,40.28290282902829
2018 - Oct,27.887139107611546,33.79265091863517,38.320209973753286
2018 - Oct,20.388349514563107,52.42718446601942,27.184466019417474
2018 - Oct,30.612244897959183,33.6734693877551,35.714285714285715
2018 - Oct,30.870975792363364,29.997504367357124,39.13151984027951
2018 - Oct,31.008243500317057,33.86176284083703,35.12999365884591
2018 - Oct,35.52800342026507,34.84395040615647,29.628046173578454
2018 - Oct,37.9874213836478,38.36477987421384,23.647798742138367
2018 - Oct,31.036513545347468,29.917550058892818,39.04593639575972
2018 - Oct,30.718954248366014,25.49019607843137,43.790849673202615
2018 - Oct,20.0,23.809523809523807,56.19047619047619
2018 - Oct,28.314606741573034,27.303370786516858,44.38202247191011
2018 - Oct,31.667403803626716,32.86156567890314,35.47103051747015
2018 - Oct,38.355342136854745,31.15246098439376,30.4921968787515
2018 - Oct,44.65545306565383,34.02061855670103,21.323928377645142
2018 - Oct,43.23400097703957,40.107474352711286,16.658524670249143
2018 - Oct,44.20289855072464,44.20289855072464,11.594202898550725
2018 - Oct,40.87591240875913,39.416058394160586,19.708029197080293
2018 - Oct,43.11236483309826,38.081805359661494,18.805829807240247
2018 - Oct,40.864086408640865,41.089108910891085,18.046804680468046
2018 - Oct,36.54198273607115,38.8699973842532,24.588019879675645
2018 - Nov,33.43337334933973,39.755902360944376,26.810724289715886
2018 - Nov,29.34894936272821,38.95969686531174,31.69135377196004
2018 - Nov,31.932773109243694,28.57142857142857,39.49579831932773
2018 - Nov,26.519337016574585,42.5414364640884,30.939226519337016
2018 - Nov,32.66171792152704,32.8384588193708,34.49982325910216
2018 - Nov,34.46421183285064,36.16052958212661,29.375258585022756
2018 - Nov,35.145562960364785,36.899333567169414,27.955103472465805
2018 - Nov,34.39102564102564,41.12179487179487,24.487179487179485
2018 - Nov,35.59263121306917,38.72088981578033,25.686478971150507
2018 - Nov,40.828402366863905,39.64497041420118,19.526627218934912
2018 - Nov,37.27272727272727,41.81818181818181,20.909090909090907
2018 - Nov,38.21461326811373,37.87832467135432,23.90706206053195
2018 - Nov,36.72055427251732,38.56812933025404,24.71131639722864
2018 - Nov,35.40753724802805,39.78965819456617,24.802804557405782
2018 - Nov,36.47583643122677,33.76951672862454,29.754646840148695
2018 - Nov,33.65986394557823,28.163265306122447,38.17687074829932
2018 - Nov,22.07792207792208,20.77922077922078,57.14285714285714
2018 - Nov,38.57142857142858,32.38095238095238,29.04761904761905
2018 - Nov,36.03692713484998,31.355093966369928,32.60797889878009
2018 - Nov,30.541871921182267,32.151067323481115,37.30706075533662
2018 - Nov,34.9600709849157,35.27062999112688,29.76929902395741
2018 - Nov,46.706586826347305,36.52694610778443,16.766467065868262
2018 - Nov,40.9606404269513,35.42361574382922,23.61574382921948
2018 - Nov,35.294117647058826,40.19607843137255,24.509803921568626
2018 - Nov,35.15625,38.28125,26.5625
2018 - Nov,39.56185567010309,39.39003436426117,21.04810996563574
2018 - Nov,36.051340128350326,37.37259343148358,26.5760664401661
2018 - Nov,38.15337657382678,40.061045402518126,21.785578023655095
2018 - Nov,37.17034925160371,40.05702066999287,22.772630078403424
2018 - Nov,32.39904988123515,35.843230403800476,31.757719714964374
2018 - Dec,31.84996821360458,32.549268912905276,35.60076287349014
2018 - Dec,29.770992366412212,31.297709923664126,38.93129770992366
2018 - Dec,33.684934648016515,34.57922494840633,31.73584040357716
2018 - Dec,35.69023569023569,36.66972757881849,27.640036730945823
2018 - Dec,38.16901408450704,39.859154929577464,21.971830985915496
2018 - Dec,36.35435282103651,36.09905539954046,27.54659177942303
2018 - Dec,36.56017295219793,35.647369685323085,27.792457362478984
2018 - Dec,39.869281045751634,31.372549019607842,28.75816993464052
2018 - Dec,33.663366336633665,32.67326732673268,33.663366336633665
2018 - Dec,39.099756690997566,31.386861313868614,29.51338199513382
2018 - Dec,44.84914378907312,28.35009513454743,26.80076107637945
2018 - Dec,49.98539293017821,33.36254747297692,16.65205959684487
2018 - Dec,55.25812619502868,31.963033779477374,12.778840025493945
2018 - Dec,51.20274914089347,36.25429553264605,12.542955326460481
2018 - Dec,46.103896103896105,39.03318903318903,14.862914862914863
2018 - Dec,41.80327868852459,45.08196721311475,13.114754098360656
2018 - Dec,49.41296579887698,38.9739663093415,11.61306789178152
2018 - Dec,55.66502463054187,33.09449171518137,11.240483654276758
2018 - Dec,55.00933416303672,32.389545737398876,12.601120099564406
2018 - Dec,53.79897785349234,33.901192504258944,12.299829642248723
2018 - Dec,51.361102000655954,35.42144965562479,13.217448343719251
2018 - Dec,41.48148148148148,36.2962962962963,22.22222222222222
2018 - Dec,44.60431654676259,36.69064748201439,18.705035971223023
2018 - Dec,48.3751846381093,37.66617429837518,13.95864106351551
2018 - Dec,51.515151515151516,43.93939393939394,4.545454545454546
2018 - Dec,50.71207430340557,36.22291021671827,13.06501547987616
2018 - Dec,49.18842625264644,35.00352858151024,15.808045165843332
2018 - Dec,37.90876059749697,39.846588615260394,22.24465078724263
2018 - Dec,32.59668508287293,46.77716390423573,20.626151012891345
2018 - Dec,38.793103448275865,45.689655172413794,15.517241379310345
2018 - Dec,33.5352119725712,43.946143450623154,22.518644576805645
2019 - Jan,35.51048005409061,38.41784989858012,26.071670047329278
2019 - Jan,35.04021661224815,40.51126861511508,24.448514772636777
2019 - Jan,33.01212309605222,45.29064345663662,21.69723344731116
2019 - Jan,33.08748728382503,43.845371312309254,23.06714140386572
2019 - Jan,35.24229074889868,47.3568281938326,17.400881057268723
2019 - Jan,33.497536945812804,45.320197044334975,21.182266009852217
2019 - Jan,36.877394636015325,41.52298850574713,21.599616858237546
2019 - Jan,35.17709849587579,37.60310528869481,27.219796215429405
2019 - Jan,35.45722713864306,38.17109144542773,26.371681415929203
2019 - Jan,35.76759061833689,41.47121535181237,22.761194029850746
2019 - Jan,36.63883089770355,44.780793319415444,18.580375782881003
2019 - Jan,47.27272727272727,40.909090909090914,11.818181818181818
2019 - Jan,27.093596059113302,41.37931034482759,31.527093596059114
2019 - Jan,35.197066911090744,40.05499541704858,24.74793767186068
2019 - Jan,32.6774126020515,41.678877956876704,25.643709441071806
2019 - Jan,32.7914537854157,41.9414770088249,25.267069205759405
2019 - Jan,30.39889958734526,50.252177900045844,19.348922512608898
2019 - Jan,31.364275668073137,48.10126582278481,20.534458509142052
2019 - Jan,32.17054263565892,48.06201550387597,19.767441860465116
2019 - Jan,34.57446808510639,46.808510638297875,18.617021276595743
2019 - Jan,34.449093444909344,46.582984658298464,18.967921896792188
2019 - Jan,29.336506991966676,49.300803332341566,21.362689675691758
2019 - Jan,34.44363103953148,41.69106881405564,23.865300146412885
2019 - Jan,35.46994354035205,46.86150780471604,17.668548654931918
2019 - Jan,32.77027027027027,46.41891891891892,20.81081081081081
2019 - Jan,36.166365280289334,45.56962025316456,18.264014466546115
2019 - Jan,34.07821229050279,48.60335195530726,17.318435754189945
2019 - Jan,31.854002488593945,50.559933637494815,17.58606387391124
2019 - Jan,26.34508348794063,48.460111317254174,25.19480519480519
2019 - Jan,29.783519553072622,48.60335195530726,21.613128491620113
2019 - Jan,29.78723404255319,52.22127659574468,17.99148936170213
2019 - Feb,30.883335560604035,55.36549512227717,13.751169317118803
2019 - Feb,34.67741935483871,49.395161290322584,15.92741935483871
2019 - Feb,33.125,58.75,8.125
2019 - Feb,30.702280912364948,56.78271308523409,12.51500600240096
2019 - Feb,27.36865738661877,55.2312528064661,17.400089806915133
2019 - Feb,30.5481767688964,53.972470417773486,15.479352813330113
2019 - Feb,27.008636482596177,60.29835121695891,12.69301230044491
2019 - Feb,29.330756221309496,58.73399371828945,11.935250060401064
2019 - Feb,30.648769574944073,59.06040268456376,10.290827740492169
2019 - Feb,28.939393939393938,56.060606060606055,15.0
2019 - Feb,30.814524043179585,50.06869479882238,19.116781157998037
2019 - Feb,30.76194983435873,53.17084713677236,16.067203028868907
2019 - Feb,29.720543806646525,54.909365558912384,15.37009063444109
2019 - Feb,27.577639751552795,55.4924578527063,16.929902395740907
2019 - Feb,29.27593409143653,50.487352053840794,20.236713854722673
2019 - Feb,28.59195402298851,45.40229885057471,26.00574712643678
2019 - Feb,30.201342281879196,51.174496644295296,18.624161073825505
2019 - Feb,32.57097791798107,50.1577287066246,17.271293375394322
2019 - Feb,33.797505076878444,45.25674499564839,20.945749927473166
2019 - Feb,31.89081225033289,44.10785619174435,24.00133155792277
2019 - Feb,25.995467788928455,36.87277436063451,37.13175785043703
2019 - Feb,32.25225225225225,36.41277641277642,31.334971334971335
2019 - Feb,29.811715481171547,36.29707112970711,33.89121338912134
2019 - Feb,32.400430570505925,36.490850376749194,31.10871905274489
2019 - Feb,26.839099764863956,31.021162243869664,42.13973799126637
2019 - Feb,27.142601538736805,34.60368581141528,38.25371264984791
2019 - Feb,25.59766763848397,32.75024295432459,41.652089407191454
2019 - Feb,27.932847896440126,38.02588996763754,34.04126213592233
2019 - Mar,26.982124079915877,33.41044514546092,39.607430774623204
2019 - Mar,28.209459459459456,34.12162162162162,37.66891891891892
2019 - Mar,27.66884531590414,33.33333333333333,38.99782135076253
2019 - Mar,31.0,36.07547169811321,32.92452830188679
2019 - Mar,28.174773999139045,43.43521308652604,28.39001291433491
2019 - Mar,28.328306764325724,39.35803532959931,32.313657906074965
2019 - Mar,36.625341458289554,33.47341878545913,29.901239756251314
2019 - Mar,48.414461724904065,30.034336497677238,21.5512017774187
2019 - Mar,45.474137931034484,33.189655172413794,21.336206896551722
2019 - Mar,46.942800788954635,35.50295857988166,17.554240631163708
2019 - Mar,48.71855161062779,34.75193980719492,16.529508582177286
2019 - Mar,41.25170068027211,31.64625850340136,27.10204081632653
2019 - Mar,37.63066202090592,28.57142857142857,33.79790940766551
2019 - Mar,40.43330087633885,31.47517039922103,28.091528724440117
2019 - Mar,40.00239177230328,29.299210715139917,30.698397512556802
2019 - Mar,39.588688946015424,29.30591259640103,31.10539845758355
2019 - Mar,47.55244755244755,26.573426573426573,25.874125874125873
2019 - Mar,45.36316472114137,31.25810635538262,23.378728923476004
2019 - Mar,48.37789661319073,32.4777183600713,19.144385026737968
2019 - Mar,43.14868804664723,34.98542274052478,21.865889212827987
2019 - Mar,31.458759372869803,32.68575323790048,35.85548738922972
2019 - Mar,29.12,30.64,40.239999999999995
2019 - Mar,26.39593908629442,29.949238578680205,43.65482233502538
2019 - Mar,20.833333333333336,30.09259259259259,49.074074074074076
2019 - Mar,27.320605661619485,25.0493745885451,47.63001974983542
2019 - Mar,33.68959107806692,26.53345724907063,39.77695167286245
2019 - Mar,34.67122117847993,33.56105892399658,31.767719897523484
2019 - Mar,37.629533678756474,36.139896373057,26.230569948186528
2019 - Mar,38.814135738577555,32.11592488540588,29.069939376016563
2019 - Mar,39.050131926121374,31.13456464379947,29.815303430079155
2019 - Mar,41.92986819199204,28.30141755782144,29.768714250186523
2019 - Apr,38.477718915550014,29.588656902461825,31.933624181988158
2019 - Apr,42.37447207883623,29.98592210229939,27.639605818864382
2019 - Apr,42.917547568710354,29.175475687103592,27.906976744186046
2019 - Apr,49.51731970471323,32.48154457694491,18.00113571834185
2019 - Apr,51.45833333333333,29.635416666666664,18.90625
2019 - Apr,47.2972972972973,39.189189189189186,13.513513513513514
2019 - Apr,63.013698630136986,27.397260273972602,9.58904109589041
2019 - Apr,48.59307359307359,33.27922077922078,18.12770562770563
2019 - Apr,47.127937336814625,37.467362924281986,15.404699738903393
2019 - Apr,42.314758113900794,41.39620330679731,16.2890385793019
2019 - Apr,41.157556270096464,39.228295819935695,19.614147909967848
2019 - Apr,44.07630522088353,35.040160642570285,20.883534136546185
2019 - Apr,47.5609756097561,35.36585365853659,17.073170731707318
2019 - Apr,52.5,25.0,22.5
2019 - Apr,43.88401559454191,35.16081871345029,20.955165692007796
2019 - Apr,45.377643504531726,31.178247734138974,23.444108761329304
2019 - Apr,41.713147410358566,26.055776892430277,32.23107569721115
2019 - Apr,41.76201372997711,22.7116704805492,35.526315789473685
2019 - Apr,35.910224438902745,24.438902743142144,39.65087281795511
2019 - Apr,30.046948356807512,26.291079812206576,43.66197183098591
2019 - Apr,17.24137931034483,13.793103448275861,68.96551724137932
2019 - Apr,38.73626373626374,20.164835164835164,41.098901098901095
2019 - Apr,44.279294849637054,20.013826477704804,35.706878672658135
2019 - Apr,46.68794892258579,21.907422186751795,31.404628890662412
2019 - Apr,44.68163415531837,22.966507177033492,32.351858667648145
2019 - Apr,43.086464793870846,26.23130244436337,30.682232761765775
2019 - Apr,40.65934065934066,30.76923076923077,28.57142857142857
2019 - Apr,34.810126582278485,22.78481012658228,42.405063291139236
2019 - Apr,41.07850911974623,26.60586835844568,32.31562252180809
2019 - Apr,39.97432056494757,30.044939011341746,29.980740423710678
2019 - May,42.87395397489539,30.609309623430963,26.51673640167364
2019 - May,46.5324384787472,28.327740492170022,25.139821029082775
2019 - May,42.5610076095513,26.134872736814486,31.304119653634217
2019 - May,49.46808510638298,26.595744680851062,23.93617021276596
2019 - May,48.369565217391305,25.0,26.6304347826087
2019 - May,46.674655482324745,25.823846614739367,27.50149790293589
2019 - May,44.298759072816665,27.62819011940997,28.073050807773352
2019 - May,40.61767838125665,26.496272630457934,32.88604898828541
2019 - May,44.40770278156001,28.243532386695197,27.3487648317448
2019 - May,42.62086513994911,35.6234096692112,21.755725190839694
2019 - May,49.03846153846153,30.76923076923077,20.192307692307693
2019 - May,43.986254295532646,39.175257731958766,16.83848797250859
2019 - May,45.91520165460186,32.238883143743536,21.845915201654602
2019 - May,47.80232834402471,25.87312900926586,26.324542646709432
2019 - May,52.004950495049506,20.804455445544555,27.190594059405942
2019 - May,51.44299006465857,21.841980760132472,26.71502917520896
2019 - May,47.45331069609507,27.956989247311824,24.589700056593095
2019 - May,44.25531914893617,30.0,25.744680851063826
2019 - May,47.65625,28.90625,23.4375
2019 - May,40.47819971870605,28.579465541490855,30.942334739803094
2019 - May,42.78870398386284,27.861825516893596,29.34947049924357
2019 - May,45.83559168925023,24.896115627822944,29.268292682926827
2019 - May,52.22416048844308,23.201046663759268,24.574792847797646
2019 - May,47.93014230271669,23.318240620957308,28.751617076326003
2019 - May,45.562130177514796,23.668639053254438,30.76923076923077
2019 - May,48.08743169398907,34.97267759562842,16.939890710382514
2019 - May,45.36585365853659,27.31707317073171,27.31707317073171
2019 - May,46.17804340987732,25.448254167977353,28.373702422145332
2019 - May,41.97927831368346,25.080385852090032,32.94033583422651
2019 - May,42.05513784461153,30.55137844611529,27.39348370927318
2019 - May,46.73388864533099,30.491012713722053,22.775098640946954
2019 - Jun,46.9114619080302,30.061770761839394,23.026767330130404
2019 - Jun,38.32599118942731,40.08810572687225,21.58590308370044
2019 - Jun,48.363767853914304,27.39106852287109,24.24516362321461
2019 - Jun,47.93781725888325,34.16878172588832,17.893401015228427
2019 - Jun,47.763383035932534,34.73478367147397,17.501833292593496
2019 - Jun,41.997934950955084,35.46721734641198,22.534847702632938
2019 - Jun,32.48730964467005,28.74699438952712,38.765695965802834
2019 - Jun,34.32835820895522,26.865671641791046,38.80597014925373
2019 - Jun,26.70807453416149,19.25465838509317,54.037267080745345
2019 - Jun,37.64705882352941,23.588235294117645,38.76470588235294
2019 - Jun,41.6689391873466,24.379601854376876,33.95145895827652
2019 - Jun,40.87610160705029,24.07983411093831,35.044064282011405
2019 - Jun,44.894072839800046,25.97000714115687,29.135920019043084
2019 - Jun,44.793868921775896,29.439746300211418,25.766384778012686
2019 - Jun,46.62162162162162,33.108108108108105,20.27027027027027
2019 - Jun,44.79166666666667,31.25,23.958333333333336
2019 - Jun,44.03225806451613,31.182795698924732,24.78494623655914
2019 - Jun,44.734235721360186,25.51997358864312,29.7457906899967
2019 - Jun,43.07648564117145,25.135058288313907,31.78845607051464
2019 - Jun,48.94417124674573,25.195256002314142,25.86057275094012
2019 - Jun,53.37579617834395,24.883227176220807,21.740976645435246
2019 - Jun,48.214285714285715,33.035714285714285,18.75
2019 - Jun,34.5679012345679,30.864197530864196,34.5679012345679
2019 - Jun,53.37107565620175,28.255275347400925,18.373648996397325
2019 - Jun,43.57290946786455,32.89564616447823,23.531444367657222
2019 - Jun,44.642857142857146,26.5625,28.794642857142854
2019 - Jun,40.10015408320493,26.001540832049308,33.89830508474576
2019 - Jun,41.978986984475455,24.760859338246824,33.260153677277714
2019 - Jun,41.952506596306065,23.218997361477573,34.82849604221636
2019 - Jun,40.36410923276983,25.721716514954483,33.91417425227568
2019 - Jul,38.769985618813976,27.38347009559259,33.84654428559343
2019 - Jul,37.87661406025825,26.733620277379245,35.38976566236251
2019 - Jul,37.730287398673546,28.8135593220339,33.45615327929256
2019 - Jul,57.14285714285714,23.809523809523807,19.047619047619047
2019 - Jul,40.0,22.061855670103093,37.93814432989691
2019 - Jul,50.56179775280899,26.96629213483146,22.47191011235955
2019 - Jul,52.0,32.0,16.0
2019 - Jul,49.44863609982589,26.00116076610563,24.550203134068486
2019 - Jul,49.13614374568071,32.2045611610228,18.65929509329648
2019 - Jul,53.62806343104277,28.351753964440174,18.02018260451706
2019 - Jul,65.00981033355134,27.01111837802485,7.979071288423806
2019 - Jul,62.5,26.06132075471698,11.43867924528302
2019 - Jul,52.112676056338024,29.577464788732392,18.30985915492958
2019 - Jul,60.97560975609756,21.951219512195124,17.073170731707318
2019 - Jul,60.521788990825684,25.831422018348626,13.646788990825687
2019 - Jul,56.78391959798995,28.831658291457284,14.384422110552764
2019 - Jul,55.10204081632652,26.99443413729128,17.90352504638219
2019 - Jul,59.34861278648975,23.522316043425814,17.12907117008444
2019 - Jul,66.28721541155866,18.563922942206652,15.148861646234677
2019 - Jul,62.121212121212125,24.747474747474747,13.131313131313133
2019 - Jul,78.78787878787878,6.0606060606060606,15.151515151515152
2019 - Jul,60.12054244098442,26.117528879959817,13.761928679055751
2019 - Jul,50.56852184320766,30.341113105924595,19.090365050867746
2019 - Jul,51.06907894736842,31.291118421052634,17.639802631578945
2019 - Jul,42.76586033774532,31.675034230944775,25.559105431309902
2019 - Jul,33.85939741750359,29.937828790052606,36.20277379244381
2019 - Jul,30.049261083743843,27.093596059113302,42.857142857142854
2019 - Jul,33.33333333333333,42.028985507246375,24.637681159420293
2019 - Jul,35.66350710900474,37.203791469194314,27.13270142180095
2019 - Jul,35.880829015544045,34.6286701208981,29.490500863557855
2019 - Jul,35.11086163345495,34.21274207128824,30.676396295256808
2019 - Aug,42.09261336324307,36.94920685787534,20.95817977888159
2019 - Aug,40.09584664536741,34.42492012779553,25.47923322683706
2019 - Aug,34.73684210526316,38.421052631578945,26.842105263157894
2019 - Aug,40.17094017094017,35.04273504273504,24.786324786324787
2019 - Aug,36.37350705754614,33.2609482446616,30.365544697792256
2019 - Aug,34.73646975592501,34.13512557481429,31.1284046692607
2019 - Aug,33.65465213746857,37.42665549036043,28.918692372170995
2019 - Aug,40.34465281297516,37.05017739483021,22.605169792194626
2019 - Aug,38.179201151493345,37.02770780856423,24.793091039942425
2019 - Aug,44.26229508196721,34.42622950819672,21.311475409836063
2019 - Aug,38.860103626943,32.12435233160622,29.015544041450774
2019 - Aug,41.52900499423742,37.68728390318863,20.783711102573953
2019 - Aug,35.8974358974359,35.58797524314766,28.514588859416445
2019 - Aug,39.24891990694583,36.45729478231971,24.293785310734464
2019 - Aug,39.24784956991398,37.847569513902776,22.904580916183235
2019 - Aug,41.04393541119038,38.30266616597822,20.653398422831394
2019 - Aug,42.91845493562232,35.622317596566525,21.45922746781116
2019 - Aug,41.52542372881356,52.54237288135594,5.932203389830509
2019 - Aug,46.866377611351986,34.923137564052034,18.21048482459598
2019 - Aug,43.49979364424267,34.420140321914985,22.080066033842343
2019 - Aug,42.016460905349795,36.090534979423865,21.89300411522634
2019 - Aug,37.77030273906776,35.559827006247,26.669870254685247
2019 - Aug,33.05168986083499,39.463220675944335,27.485089463220675
2019 - Aug,34.69387755102041,39.285714285714285,26.02040816326531
2019 - Aug,32.63888888888889,39.58333333333333,27.77777777777778
2019 - Aug,37.20670391061452,35.41899441340782,27.37430167597765
2019 - Aug,36.839080459770116,39.6551724137931,23.50574712643678
2019 - Aug,34.31786216596343,39.24050632911392,26.441631504922647
2019 - Aug,33.78448724622592,40.49973971889641,25.71577303487767
2019 - Aug,32.814569536423846,35.430463576158935,31.75496688741722
2019 - Aug,33.27645051194539,30.546075085324233,36.177474402730375
2019 - Sep,32.34836702954899,33.51477449455677,34.13685847589424
2019 - Sep,27.547169811320753,34.33962264150943,38.113207547169814
2019 - Sep,28.355919202250064,31.552032728202505,40.09204806954743
2019 - Sep,31.19447186574531,31.49062191510365,37.314906219151034
2019 - Sep,36.774193548387096,32.25806451612903,30.967741935483872
2019 - Sep,35.77981651376147,29.882044560943644,34.338138925294885
2019 - Sep,38.88888888888889,24.444444444444443,36.666666666666664
2019 - Sep,30.76923076923077,34.18803418803419,35.04273504273504
2019 - Sep,34.0316573556797,29.7951582867784,36.1731843575419
2019 - Sep,36.3016446048937,31.48816686722824,32.21018852787806
2019 - Sep,39.58333333333333,33.18798449612403,27.228682170542633
2019 - Sep,41.03201740752254,35.31240285980727,23.65557973267019
2019 - Sep,39.28041543026706,36.090504451038576,24.629080118694365
2019 - Sep,37.362637362637365,39.010989010989015,23.626373626373624
2019 - Sep,38.267716535433074,39.05511811023622,22.677165354330707
2019 - Sep,37.99272286234081,37.35597331716192,24.651303820497272
2019 - Sep,36.64783427495292,35.367231638418076,27.984934086629004
2019 - Sep,38.63002787733971,31.023496614894462,30.34647550776583
2019 - Sep,38.90041493775934,33.09128630705394,28.008298755186722
2019 - Sep,34.024096385542165,40.28915662650602,25.686746987951807
2019 - Sep,36.440677966101696,45.76271186440678,17.796610169491526
2019 - Sep,32.67326732673268,40.5940594059406,26.732673267326735
2019 - Sep,34.318334452652785,43.183344526527875,22.498321020819343
2019 - Sep,33.67052023121387,39.45086705202312,26.878612716763005
2019 - Sep,41.27345082433201,35.92950540079591,22.797043774872087
2019 - Sep,40.51222351571595,33.527357392316645,25.960419091967402
2019 - Sep,41.319857312722945,37.39595719381688,21.284185493460168
2019 - Sep,35.02824858757062,50.847457627118644,14.124293785310735
2019 - Sep,36.64596273291926,39.130434782608695,24.22360248447205
2019 - Sep,38.05876443997991,36.966348568558516,24.974886991461577
2019 - Oct,36.000422788288766,39.41443822006131,24.58513899164993
2019 - Oct,39.17312661498708,37.2093023255814,23.617571059431526
2019 - Oct,38.366627497062275,34.19506462984724,27.438307873090483
2019 - Oct,37.48043818466354,37.08920187793427,25.43035993740219
2019 - Oct,37.569060773480665,34.25414364640884,28.176795580110497
2019 - Oct,38.93129770992366,35.11450381679389,25.954198473282442
2019 - Oct,32.96988577362409,31.827622014537905,35.202492211838006
2019 - Oct,33.61934477379095,29.17316692667707,37.20748829953198
2019 - Oct,36.87281213535589,33.838973162193696,29.28821470245041
2019 - Oct,38.195004029008864,40.451248992747786,21.35374697824335
2019 - Oct,38.01348865726548,42.06008583690987,19.926425505824646
2019 - Oct,44.285714285714285,47.14285714285714,8.571428571428571
2019 - Oct,44.827586206896555,44.827586206896555,10.344827586206897
2019 - Oct,37.97606093579978,40.04352557127312,21.980413492927095
2019 - Oct,39.92189846800841,32.1417843196155,27.93631721237609
2019 - Oct,36.53727664818238,29.75970425138632,33.7030191004313
2019 - Oct,37.86331500392773,36.763550667714064,25.37313432835821
2019 - Oct,38.525345622119815,40.36866359447004,21.10599078341014
2019 - Oct,36.507936507936506,50.79365079365079,12.698412698412698
2019 - Oct,33.088235294117645,55.14705882352941,11.76470588235294
2019 - Oct,36.41816623821765,41.216795201371035,22.36503856041131
2019 - Oct,34.23362592842673,41.52599594868332,24.24037812288994
2019 - Oct,33.12921004286589,36.68095529699939,30.189834660134725
2019 - Oct,38.816901408450704,34.53521126760563,26.647887323943664
2019 - Oct,39.06319045514803,30.402121078214762,30.534688466637206
2019 - Oct,37.94326241134752,34.751773049645394,27.30496453900709
2019 - Oct,37.17948717948718,28.205128205128204,34.61538461538461
2019 - Oct,35.75476558475013,35.960844925296236,28.284389489953632
2019 - Oct,36.91128148959474,39.1566265060241,23.93209200438116
2019 - Oct,41.83673469387755,39.285714285714285,18.877551020408163
2019 - Oct,38.59906213364596,40.18171160609613,21.219226260257916
2019 - Nov,37.134349273077596,39.148712559117186,23.71693816780522
2019 - Nov,37.22222222222222,45.0,17.77777777777778
2019 - Nov,37.03703703703704,48.148148148148145,14.814814814814813
2019 - Nov,39.25528557904702,38.4979488797728,22.24676554118018
2019 - Nov,37.37338456164862,35.382465944813134,27.244149493538245
2019 - Nov,38.59265734265735,34.83391608391608,26.573426573426573
2019 - Nov,43.53352399110263,30.378137909119797,26.088338099777562
2019 - Nov,48.01113762927605,29.952267303102627,22.03659506762132
2019 - Nov,52.25806451612903,28.387096774193548,19.35483870967742
2019 - Nov,54.0268456375839,20.469798657718123,25.503355704697988
2019 - Nov,53.24731182795699,24.258064516129032,22.49462365591398
2019 - Nov,56.86786296900489,23.588907014681894,19.543230016313213
2019 - Nov,54.700854700854705,22.529914529914528,22.76923076923077
2019 - Nov,56.67410003185728,21.31251991079962,22.013380057343102
2019 - Nov,54.13186422605296,23.405011551448375,22.463124222498667
2019 - Nov,48.525469168900806,31.903485254691688,19.571045576407506
2019 - Nov,69.56521739130434,15.942028985507244,14.492753623188406
2019 - Nov,54.45603576751118,25.78241430700447,19.76154992548435
2019 - Nov,45.07692307692307,29.153846153846153,25.769230769230766
2019 - Nov,37.759086812856715,29.197957344547916,33.042955842595376
2019 - Nov,35.62264150943396,29.283018867924525,35.094339622641506
2019 - Nov,35.467399842890806,29.732914375490964,34.79968578161822
2019 - Nov,34.146341463414636,26.82926829268293,39.02439024390244
2019 - Nov,41.0,35.0,24.0
2019 - Nov,34.77038425492034,28.334895345204625,36.89472039987504
2019 - Nov,34.19629057187017,28.361669242658422,37.442040185471406
2019 - Nov,28.78612716763006,30.520231213872833,40.69364161849711
2019 - Nov,26.20689655172414,25.517241379310345,48.275862068965516
2019 - Nov,34.52728029987505,31.32028321532695,34.152436484798
2019 - Nov,32.57918552036199,30.316742081447963,37.10407239819005
2019 - Dec,35.26970954356847,30.982019363762102,33.748271092669434
2019 - Dec,33.39671975279296,28.85666745899691,37.74661278821013
2019 - Dec,36.176261549395875,33.688699360341154,30.13503909026297
2019 - Dec,37.850467289719624,35.70872274143302,26.44080996884735
2019 - Dec,31.935246504782928,38.92568064753495,29.13907284768212
2019 - Dec,34.25863236289777,39.97968855788761,25.761679079214623
2019 - Dec,37.77089783281733,40.24767801857585,21.981424148606813
2019 - Dec,32.231404958677686,40.49586776859504,27.27272727272727
2019 - Dec,28.30127160091294,33.192044343006195,38.50668405608086
2019 - Dec,32.51076040172167,35.7532281205165,31.73601147776184
2019 - Dec,34.76269775187344,32.556203164029974,32.68109908409659
2019 - Dec,37.92800702370501,37.693883523558675,24.378109452736318
2019 - Dec,39.28478880539,32.23633065561026,28.47888053899974
2019 - Dec,40.06211180124223,40.06211180124223,19.875776397515526
2019 - Dec,38.0,30.875000000000004,31.125000000000004
2019 - Dec,37.94026776519053,33.14109165808445,28.918640576725025
2019 - Dec,36.06118546845124,32.27533460803059,31.66347992351816
2019 - Dec,41.4471373375483,28.83737267298911,29.71548998946259
2019 - Dec,33.82832307135096,32.74176023180007,33.42991669684896
2019 - Dec,35.04144687264507,37.64129615674454,27.317256970610398
2019 - Dec,41.52046783625731,37.42690058479532,21.052631578947366
2019 - Dec,26.027397260273972,38.35616438356164,35.61643835616438
2019 - Dec,31.281761716544327,40.88085827216262,27.837380011293057
2019 - Dec,31.917336394948336,40.9873708381171,27.09529276693456
2019 - Dec,50.0,50.0,0.0
2019 - Dec,33.675213675213676,40.76923076923077,25.555555555555554
2019 - Dec,29.753168779186122,39.759839893262175,30.4869913275517
2019 - Dec,35.92677345537758,43.02059496567506,21.052631578947366
2019 - Dec,29.86111111111111,43.05555555555556,27.083333333333332
2019 - Dec,32.69330565646082,39.85469641930462,27.45199792423456
2019 - Dec,33.45351043643264,33.63693864642631,32.90955091714105
2020 - Jan,32.26960930509991,34.55114822546973,33.179242469430356
2020 - Jan,31.34053621448579,30.428171268507402,38.23129251700681
2020 - Jan,31.787858572381587,31.15410273515677,37.05803869246164
2020 - Jan,40.44943820224719,37.07865168539326,22.47191011235955
2020 - Jan,35.62753036437247,36.032388663967616,28.34008097165992
2020 - Jan,36.836518046709124,33.86411889596603,29.29936305732484
2020 - Jan,31.91205862758161,36.37574950033311,31.712191872085278
2020 - Jan,31.03448275862069,35.114133074307915,33.851384167071394
2020 - Jan,31.423709585933068,34.713556437889956,33.862733976176976
2020 - Jan,27.537688442211056,33.71859296482412,38.743718592964825
2020 - Jan,24.675324675324674,31.16883116883117,44.15584415584416
2020 - Jan,28.947368421052634,33.33333333333333,37.719298245614034
2020 - Jan,29.7951582867784,35.98696461824954,34.21787709497207
2020 - Jan,30.520951302378258,36.18346545866365,33.2955832389581
2020 - Jan,28.428775219074794,34.888934175667416,36.6822906052578
2020 - Jan,24.333619948409286,32.4591573516767,43.20722269991401
2020 - Jan,30.901639344262293,33.89344262295082,35.204918032786885
2020 - Jan,37.5,36.30952380952381,26.190476190476193
2020 - Jan,42.4,36.0,21.6
2020 - Jan,34.8235294117647,37.1764705882353,28.000000000000004
2020 - Jan,40.906190172303766,31.557115507338864,27.53669432035737
2020 - Jan,37.25270623366928,31.24300111982083,31.50429264650989
2020 - Jan,38.036605657237935,32.945091514143094,29.01830282861897
2020 - Jan,39.384288747346076,39.80891719745223,20.8067940552017
2020 - Jan,42.5531914893617,35.1063829787234,22.340425531914892
2020 - Jan,49.32432432432432,37.5,13.175675675675674
2020 - Jan,37.937140327578575,40.23904382470119,21.82381584772023
2020 - Jan,36.052409129332204,34.82671174978867,29.120879120879124
2020 - Jan,35.99130119608554,37.65857194635738,26.350126857557086
2020 - Jan,33.510795622596866,41.64448388050872,24.84472049689441
2020 - Jan,31.887235708692245,37.66640563821457,30.446358653093185
2020 - Feb,31.66175024582104,37.41396263520158,30.924287118977382
2020 - Feb,31.914893617021278,35.56231003039514,32.52279635258359
2020 - Feb,32.794331395348834,35.99200581395349,31.213662790697676
2020 - Feb,30.29442148760331,33.78099173553719,35.9245867768595
2020 - Feb,30.04411423264453,30.92639888553518,39.02948688182029
2020 - Feb,31.616341030195382,27.44227353463588,40.94138543516873
2020 - Feb,32.00557103064067,31.197771587743734,36.7966573816156
2020 - Feb,28.854625550660796,37.88546255506608,33.259911894273124
2020 - Feb,31.019522776572668,32.53796095444685,36.44251626898048
2020 - Feb,31.397139713971395,34.63146314631464,33.97139713971397
2020 - Feb,34.48553054662379,36.01286173633441,29.5016077170418
2020 - Feb,32.94117647058823,43.23529411764706,23.823529411764703
